time;duration;id;artist;title;hook;cover
2025-05-18 00:07:05;230;31512059;Womack & Womack;Teardrops;no hook;https://onair.swr.de/covers/swr/fallback?stationid=28469
2025-05-18 00:10:47;190;31512065;Fleetwood Mac;Don't stop;no hook;https://onair.swr.de/covers/swr/fallback?stationid=28469
2025-05-18 00:13:59;241;31512072;Jimmy Somerville;To love somebody;no hook;https://onair.swr.de/covers/swr/fallback?stationid=28469
2025-05-18 00:19:29;194;31512080;Johannes Oerding;An guten Tagen;no hook;https://onair.swr.de/covers/swr/fallback?stationid=28469
2025-05-18 00:22:49;173;31512088;Middle Of The Road;Samson and Delilah;no hook;https://onair.swr.de/covers/swr/fallback?stationid=28469
2025-05-18 00:25:36;217;31512092;Eurythmics;Miracle of love;no hook;https://onair.swr.de/covers/swr/fallback?stationid=28469
2025-05-18 00:29:53;221;31512101;Irene Cara;Flashdance...what a feeling;no hook;https://onair.swr.de/covers/swr/fallback?stationid=28469
2025-05-18 00:36:48;254;31512109;Paul Young;Come back and stay;no hook;https://onair.swr.de/covers/swr/fallback?stationid=28469
2025-05-18 00:41:27;179;31512117;Max Mutzke;Can't wait until tonight;no hook;https://onair.swr.de/covers/swr/fallback?stationid=28469
2025-05-18 00:45:23;180;31512122;Brotherhood Of Man;Save your kisses for me;no hook;https://onair.swr.de/covers/swr/fallback?stationid=28469
2025-05-18 00:48:55;224;31512129;Madonna;La isla bonita;no hook;https://onair.swr.de/covers/swr/fallback?stationid=28469
2025-05-18 00:53:08;220;31512136;PUR;Hör gut zu;no hook;https://onair.swr.de/covers/swr/fallback?stationid=28469
2025-05-18 00:56:28;238;31512144;Katrina & The Waves;Walking on sunshine;no hook;https://onair.swr.de/covers/swr/fallback?stationid=28469
2025-05-18 01:06:16;190;31512155;Nik Kershaw;I won't let the sun go down on me;no hook;https://onair.swr.de/covers/swr/fallback?stationid=28469
2025-05-18 01:09:23;277;31512159;Sister Sledge;Lost in music;no hook;https://onair.swr.de/covers/swr/fallback?stationid=28469
2025-05-18 01:14:00;189;31512162;Amy Macdonald;Dream on;no hook;https://onair.swr.de/covers/swr/fallback?stationid=28469
2025-05-18 01:17:47;164;31512167;JJ;Wasted love;no hook;https://onair.swr.de/covers/swr/fallback?stationid=28469
2025-05-18 01:20:38;164;31512171;Gilbert O'Sullivan;Ooh-wakka-doo-wakka-day;no hook;https://onair.swr.de/covers/swr/fallback?stationid=28469
2025-05-18 01:23:21;203;31512174;Olivia Newton-John;Xanadu;no hook;https://onair.swr.de/covers/swr/fallback?stationid=28469
2025-05-18 01:27:15;218;31512177;Chris DeBurgh;Lady in red;no hook;https://onair.swr.de/covers/swr/fallback?stationid=28469
2025-05-18 01:33:56;154;31512186;Dolly Parton;Jolene;no hook;https://onair.swr.de/covers/swr/fallback?stationid=28469
2025-05-18 01:36:28;211;31512190;Phil Collins;You'll be in my heart;no hook;https://onair.swr.de/covers/swr/fallback?stationid=28469
2025-05-18 01:40:03;248;31512193;ABBA;The winner takes it all;no hook;https://onair.swr.de/covers/swr/fallback?stationid=28469
2025-05-18 01:45:07;199;31512197;Keimzeit;Kling klang;no hook;https://onair.swr.de/covers/swr/fallback?stationid=28469
2025-05-18 01:48:25;208;31512198;Exile;Kiss you all over;no hook;https://onair.swr.de/covers/swr/fallback?stationid=28469
2025-05-18 01:51:44;200;31512201;REO Speedwagon;Keep on loving you;no hook;https://onair.swr.de/covers/swr/fallback?stationid=28469
2025-05-18 01:54:35;149;31512205;The Beach Boys;Wouldn't it be nice;no hook;https://onair.swr.de/covers/swr/fallback?stationid=28469
2025-05-18 01:56:37;221;31512210;The Rolling Stones;Satisfaction;no hook;https://onair.swr.de/covers/swr/fallback?stationid=28469
2025-05-18 02:06:41;229;31512253;Dusty Springfield;In private;no hook;https://onair.swr.de/covers/swr/fallback?stationid=28469
2025-05-18 02:10:30;214;31512257;Max Giesinger;80 Millionen;no hook;https://onair.swr.de/covers/swr/fallback?stationid=28469
2025-05-18 02:14:16;124;31512261;Sam Cooke;Wonderful world;no hook;https://onair.swr.de/covers/swr/fallback?stationid=28469
2025-05-18 02:17:05;197;31512266;Mike Oldfield;Moonlight shadow;no hook;https://onair.swr.de/covers/swr/fallback?stationid=28469
2025-05-18 02:21:03;208;31512277;OMD (Orchestral Manoeuvres In The Dark);Pandora's box;no hook;https://onair.swr.de/covers/swr/fallback?stationid=28469
2025-05-18 02:24:28;205;31512282;Uriah Heep;Free me;no hook;https://onair.swr.de/covers/swr/fallback?stationid=28469
2025-05-18 02:27:46;220;31512286;Billy Joel;Tell her about it;no hook;https://onair.swr.de/covers/swr/fallback?stationid=28469
2025-05-18 02:34:05;253;31512291;Icehouse;Hey little girl;no hook;https://onair.swr.de/covers/swr/fallback?stationid=28469
2025-05-18 02:38:13;156;31512295;Tammy Wynette;Stand by your man;no hook;https://onair.swr.de/covers/swr/fallback?stationid=28469
2025-05-18 02:40:55;216;31512300;Münchener Freiheit;Bis wir uns wiedersehn;no hook;https://onair.swr.de/covers/swr/fallback?stationid=28469
2025-05-18 02:45:35;217;31512303;Keith Marshall;Only crying;no hook;https://onair.swr.de/covers/swr/fallback?stationid=28469
2025-05-18 02:49:09;165;31512308;The Sweet;Funny, funny;no hook;https://onair.swr.de/covers/swr/fallback?stationid=28469
2025-05-18 02:52:27;214;31512312;Juanes;La camisa negra;no hook;https://onair.swr.de/covers/swr/fallback?stationid=28469
2025-05-18 02:56:11;233;31512316;Ph. D.;I won't let you down;no hook;https://onair.swr.de/covers/swr/fallback?stationid=28469
2025-05-18 03:05:45;180;31512348;Boney M.;Sunny;no hook;https://onair.swr.de/covers/swr/fallback?stationid=28469
2025-05-18 03:08:42;197;31512353;Kool & The Gang;Fresh;no hook;https://onair.swr.de/covers/swr/fallback?stationid=28469
2025-05-18 03:12:40;254;31512356;Soul Asylum;Runaway train;no hook;https://onair.swr.de/covers/swr/fallback?stationid=28469
2025-05-18 03:16:58;214;31512361;Peter Fox;Haus am See;no hook;https://onair.swr.de/covers/swr/fallback?stationid=28469
2025-05-18 03:20:31;191;31512365;Bernie Paul;Lucky;no hook;https://onair.swr.de/covers/swr/fallback?stationid=28469
2025-05-18 03:24:43;198;31512369;Dire Straits;Walk of life;no hook;https://onair.swr.de/covers/swr/fallback?stationid=28469
2025-05-18 03:27:59;151;31512373;Desmond Dekker;Israelites;no hook;https://onair.swr.de/covers/swr/fallback?stationid=28469
2025-05-18 03:30:25;204;31512376;Vanessa Paradis;Joe le taxi;no hook;https://onair.swr.de/covers/swr/fallback?stationid=28469
2025-05-18 03:36:47;201;31512382;Gabriela Cilmi;Sweet about me;no hook;https://onair.swr.de/covers/swr/fallback?stationid=28469
2025-05-18 03:40:01;252;31512385;Dionne Warwick;Heartbreaker;no hook;https://onair.swr.de/covers/swr/fallback?stationid=28469
2025-05-18 03:44:24;205;31512390;Eric Carmen;Hungry eyes;no hook;https://onair.swr.de/covers/swr/fallback?stationid=28469
2025-05-18 03:48:48;232;31512393;Bruce Springsteen;Dancing in the dark;no hook;https://onair.swr.de/covers/swr/fallback?stationid=28469
2025-05-18 03:52:29;214;31512398;Karat;Jede Stunde;no hook;https://onair.swr.de/covers/swr/fallback?stationid=28469
2025-05-18 03:55:59;253;31512402;The Eagles;Lyin' eyes;no hook;https://onair.swr.de/covers/swr/fallback?stationid=28469
2025-05-18 04:06:02;194;31512415;Electric Light Orchestra;Calling America;no hook;https://onair.swr.de/covers/swr/fallback?stationid=28469
2025-05-18 04:09:12;162;31512419;Don Williams;Some broken hearts never mend;no hook;https://onair.swr.de/covers/swr/fallback?stationid=28469
2025-05-18 04:12:03;214;31512422;Roxette;Milk and toast and honey;no hook;https://onair.swr.de/covers/swr/fallback?stationid=28469
2025-05-18 04:15:55;210;31512428;Bay City Rollers;I only wanna be with you;no hook;https://onair.swr.de/covers/swr/fallback?stationid=28469
2025-05-18 04:19:22;213;31512432;Bruce Hornsby;The way it is;no hook;https://onair.swr.de/covers/swr/fallback?stationid=28469
2025-05-18 04:23:41;146;31512438;The Beatles;Girl;no hook;https://onair.swr.de/covers/swr/fallback?stationid=28469
2025-05-18 04:26:16;180;31512441;Namika;Je ne parle pas français;no hook;https://onair.swr.de/covers/swr/fallback?stationid=28469
2025-05-18 04:29:15;230;31512446;Bobby McFerrin;Don't worry, be happy;no hook;https://onair.swr.de/covers/swr/fallback?stationid=28469
2025-05-18 04:35:46;169;31512466;Andy Kim;Be my baby;no hook;https://onair.swr.de/covers/swr/fallback?stationid=28469
2025-05-18 04:38:34;310;31512471;R.E.M.;Man on the moon;no hook;https://onair.swr.de/covers/swr/fallback?stationid=28469
2025-05-18 04:43:48;209;31512478;Pet Shop Boys;Always on my mind;no hook;https://onair.swr.de/covers/swr/fallback?stationid=28469
2025-05-18 04:47:43;193;31512484;Heinz Rudolf Kunze;Dein ist mein ganzes Herz;no hook;https://onair.swr.de/covers/swr/fallback?stationid=28469
2025-05-18 04:50:52;195;31512489;Jeanette;Porque te vas;no hook;https://onair.swr.de/covers/swr/fallback?stationid=28469
2025-05-18 04:53:57;174;31512492;Showaddywaddy;Three steps to heaven;no hook;https://onair.swr.de/covers/swr/fallback?stationid=28469
2025-05-18 04:56:51;206;31512497;Leo Sayer;More than I can say;no hook;https://onair.swr.de/covers/swr/fallback?stationid=28469
2025-05-18 05:06:36;232;31512505;Pointer Sisters;Jump (For my love);no hook;https://onair.swr.de/covers/swr/fallback?stationid=28469
2025-05-18 05:10:24;192;31512511;Clueso;Du und Ich;no hook;https://onair.swr.de/covers/swr/fallback?stationid=28469
2025-05-18 05:14:22;194;31512515;The Bee Gees;You win again;no hook;https://onair.swr.de/covers/swr/fallback?stationid=28469
2025-05-18 05:17:42;214;31512521;Lake Emerson & Palmer;Lucky man;no hook;https://onair.swr.de/covers/swr/fallback?stationid=28469
2025-05-18 05:21:57;244;31512524;Albert Hammond;When I'm gone;no hook;https://onair.swr.de/covers/swr/fallback?stationid=28469
2025-05-18 05:25:56;224;31512530;The Boomtown Rats;I don't like Mondays;no hook;https://onair.swr.de/covers/swr/fallback?stationid=28469
2025-05-18 05:29:37;210;31512536;Kim Wilde;Cambodia;no hook;https://onair.swr.de/covers/swr/fallback?stationid=28469
2025-05-18 05:36:23;282;31512542;China Crisis;Wishful thinking;no hook;https://onair.swr.de/covers/swr/fallback?stationid=28469
2025-05-18 05:41:03;230;31512547;Herbert Grönemeyer;Kinder an die Macht;no hook;https://onair.swr.de/covers/swr/fallback?stationid=28469
2025-05-18 05:45:50;184;31512551;Sandra;Little girl;no hook;https://onair.swr.de/covers/swr/fallback?stationid=28469
2025-05-18 05:49:07;200;31512557;The Cats;Let's dance;no hook;https://onair.swr.de/covers/swr/fallback?stationid=28469
2025-05-18 05:52:11;179;31512562;Texas Lightning;No no never;no hook;https://onair.swr.de/covers/swr/fallback?stationid=28469
2025-05-18 05:55:07;318;31512565;Mr. Mister;Broken wings;no hook;https://onair.swr.de/covers/swr/fallback?stationid=28469
2025-05-18 06:04:16;199;31512591;Racey;Some girls;https://hooksswr-a.akamaihd.net/99006/M0024556.036.mp3;https://onair.swr.de/covers/swr/swrhfdb1.KONF.5391698?stationid=28469
2025-05-18 06:07:33;182;31512593;Herman's Hermits;Something is happening;https://hooksswr-a.akamaihd.net/99006/M0023699.015.mp3;https://onair.swr.de/covers/swr/swrhfdb1.KONF.6280827?stationid=28469
2025-05-18 06:10:36;214;31512598;UB 40;Kingston Town;https://hooks.swr.de/99006/M0415053.009.mp3;https://onair.swr.de/covers/swr/swrhfdb1.KONF.44896726?stationid=28469
2025-05-18 06:17:09;183;31512624;Tina Charles;I love to love (but my baby loves to dance);https://hooksswr-a.akamaihd.net/99006/1987218.mp3;no cover
2025-05-18 06:20:12;105;31512628;The Box Tops;The letter;https://hooksswr-a.akamaihd.net/99006/2056686.mp3;https://onair.swr.de/covers/swr/swrhfdb1.KONF.5114170?stationid=28469
2025-05-18 06:22:50;158;31512639;Shakin' Stevens;You drive me crazy;https://hooksswr-a.akamaihd.net/99006/M0002524.001.mp3;https://onair.swr.de/covers/swr/swrhfdb1.KONF.4052012?stationid=28469
2025-05-18 06:25:40;212;31512643;Howard Carpendale;Hello again;https://hooksswr-a.akamaihd.net/99006/M0026263.011.mp3;https://onair.swr.de/covers/swr/swrhfdb1.KONF.5500265?stationid=28469
2025-05-18 06:29:12;266;31512654;Rod Stewart;Sailing;https://hooksswr-a.akamaihd.net/99006/M0028256.010.mp3;https://onair.swr.de/covers/swr/swrhfdb1.KONF.5724549?stationid=28469
2025-05-18 06:31:15;151;31512665;Brotherhood Of Man;My sweet Rosalie;https://hooksswr-a.akamaihd.net/99006/M0413844.007.mp3;no cover
2025-05-18 06:33:47;176;31512667;Roy Orbison;Oh pretty woman;https://hooksswr-a.akamaihd.net/99006/M0016506.001.mp3;https://onair.swr.de/covers/swr/swrhfdb1.KONF.4588203?stationid=28469
2025-05-18 06:36:44;202;31512677;Olivia Newton-John;Xanadu;https://hooksswr-a.akamaihd.net/99006/M0018360.013.mp3;https://onair.swr.de/covers/swr/swrhfdb1.KONF.4861409?stationid=28469
2025-05-18 06:43:17;135;31512706;Creedence Clearwater Revival;Bad moon rising;https://hooksswr-a.akamaihd.net/99006/M0041061.002.mp3;https://onair.swr.de/covers/swr/swrhfdb1.KONF.6587726?stationid=28469
2025-05-18 06:45:32;200;31512708;Ich + Ich;Pflaster;https://hooksswr-a.akamaihd.net/99006/M0234139.001.mp3;https://onair.swr.de/covers/swr/swrhfdb1.KONF.14351180?stationid=28469
2025-05-18 06:49:01;159;31512716;Uriah Heep;Free me;https://hooksswr-a.akamaihd.net/99006/1984944.mp3;https://onair.swr.de/covers/swr/swrhfdb1.KONF.9734146?stationid=28469
2025-05-18 06:51:40;132;31512724;Chris Andrews;Pretty Belinda;https://hooksswr-a.akamaihd.net/99006/M0040536.008.mp3;https://onair.swr.de/covers/swr/swrhfdb1.KONF.6557360?stationid=28469
2025-05-18 06:58:08;180;31512738;Climax Blues Band;Couldn't get it right;https://hooksswr-a.akamaihd.net/99006/2181563.mp3;https://onair.swr.de/covers/swr/swrhfdb1.KONF.3432722?stationid=28469
2025-05-18 06:53:55;253;31512739;Rod Stewart;Sailing;https://hooks.swr.de/99006/M0028256.010.mp3;https://onair.swr.de/covers/swr/swrhfdb1.KONF.5724549?stationid=28469
2025-05-18 07:04:22;213;31512764;Secret Service;Ten o'clock postman;https://hooks.swr.de/99006/M0024547.010.mp3;https://onair.swr.de/covers/swr/swrhfdb1.KONF.5391500?stationid=28469
2025-05-18 07:07:17;172;31512766;Small Faces;Lazy Sunday;https://hooksswr-a.akamaihd.net/99006/2054481.mp3;https://onair.swr.de/covers/swr/swrhfdb1.KONF.5001712?stationid=28469
2025-05-18 07:10:13;254;31512782;Climie Fisher;Love changes (everything);https://hooksswr-a.akamaihd.net/99006/2185266.mp3;https://onair.swr.de/covers/swr/swrhfdb1.KONF.46075188?stationid=28469
2025-05-18 07:13:03;214;31512783;The Bee Gees;How deep is your love;https://hooksswr-a.akamaihd.net/99006/M0022471.023.mp3;https://onair.swr.de/covers/swr/swrhfdb1.KONF.5186931?stationid=28469
2025-05-18 07:19:24;171;31512797;Love Affair;Everlasting love;https://hooksswr-a.akamaihd.net/99006/M0017650.003.mp3;https://onair.swr.de/covers/swr/swrhfdb1.KONF.5819122?stationid=28469
2025-05-18 07:22:20;270;31512812;Billy Joel;Piano man;https://hooksswr-a.akamaihd.net/99006/M0513274.004.mp3;https://onair.swr.de/covers/swr/swrhfdb1.KONF.46018785?stationid=28469
2025-05-18 07:26:51;213;31512821;Udo & Jenny Jürgens;Liebe ohne Leiden;https://hooksswr-a.akamaihd.net/99006/1745504.mp3;https://onair.swr.de/covers/swr/swrhfdb1.KONF.4551404?stationid=28469
2025-05-18 07:30:24;187;31512833;Leif Garrett;I was made for dancing;https://hooksswr-a.akamaihd.net/99006/1737743.mp3;https://onair.swr.de/covers/swr/swrhfdb1.KONF.49481372?stationid=28469
2025-05-18 07:31:40;181;31512844;The Bellamy Brothers;If I said you had a beautiful body;https://hooksswr-a.akamaihd.net/99006/M0025101.003.mp3;https://onair.swr.de/covers/swr/swrhfdb1.KONF.5521558?stationid=28469
2025-05-18 07:34:41;133;31512846;Bobby Fuller Four;I fought the law;https://hooksswr-a.akamaihd.net/99006/2167046.mp3;https://onair.swr.de/covers/swr/swrhfdb1.KONF.47825428?stationid=28469
2025-05-18 07:36:55;170;31512871;Billy Ocean;Love really hurts without you;https://hooks.swr.de/99006/M0040299.014.mp3;https://onair.swr.de/covers/swr/swrhfdb1.KONF.6547378?stationid=28469
2025-05-18 07:43:17;171;31512880;David Dundas;Another funny honeymoon;https://hooksswr-a.akamaihd.net/99006/M0583212.011.mp3;https://onair.swr.de/covers/swr/swrhfdb1.KONF.46959903?stationid=28469
2025-05-18 07:46:09;136;31512889;Fats Domino;Blueberry Hill;https://hooksswr-a.akamaihd.net/99006/M0040135.013.mp3;https://onair.swr.de/covers/swr/swrhfdb1.KONF.6541863?stationid=28469
2025-05-18 07:48:43;322;31512893;Bob Seger & The Silver Bullet Band;Against the wind;https://hooksswr-a.akamaihd.net/99006/2219091.mp3;https://onair.swr.de/covers/swr/swrhfdb1.KONF.6584295?stationid=28469
2025-05-18 07:54:05;274;31512903;Pur;Abenteuerland;https://hooksswr-a.akamaihd.net/99006/M0001843.001.mp3;https://onair.swr.de/covers/swr/swrhfdb1.KONF.3984196?stationid=28469
2025-05-18 08:04:34;289;31512949;Pratum Integrum Orchestra;2. Satz: Minuetto aus: Sinfonie Nr. 1 g-Moll, op. 40;https://hooks.swr.de/99006/2241554.mp3;https://onair.swr.de/covers/swr/swrhfdb1.KONF.7970909?stationid=28469
2025-05-18 08:11:03;304;31512957;Diverse;Liebestraum Nr. 3;https://hooks.swr.de/99006/2241555.mp3;https://onair.swr.de/covers/swr/swrhfdb1.KONF.44826459?stationid=28469
2025-05-18 08:16:07;233;31512962;Claire Genewein, Jörg Halubek & Il Gusto Barocco;5. Satz: Polonaise - Double aus: Ouvertüre für Orchester h-Moll, BWV 1067;no hook;no cover
2025-05-18 08:21:06;198;31512991;Dick van Gasteren & Ciconia Consort;1. Satz: Marcia aus: Serenade für Streichorchester g-Moll, op. 242;https://hooks.swr.de/99006/2181463.mp3;https://onair.swr.de/covers/swr/swrhfdb1.KONF.49175810?stationid=28469
2025-05-18 08:24:24;180;31512995;Juan Diego Florez, Carlo Tenan & Orchestra Filarmonica Gioachino Rossini;La danza;https://hooks.swr.de/99006/M0409184.010.mp3;no cover
2025-05-18 08:27:37;150;31513013;Pietari Inkinen & Deutsche Radio Philharmonie Saarbrücken Kaiserslautern;Marsch der Zinnsoldaten aus: Der Nussknacker. Ballett;no hook;no cover
2025-05-18 08:31:36;342;31513023;Dennis Russell Davies & Stuttgarter Kammerorchester;4. Satz: Finale. Presto aus: Sinfonie Nr. 92 G-Dur, Hob I:92;https://hooksswr-a.akamaihd.net/99006/2157955.m.mp3;https://onair.swr.de/covers/swr/swrhfdb1.KONF.47243934?stationid=28469
2025-05-18 08:38:07;128;31513040;Academy of St. Martin in the Fields;1. Satz: o.B. aus: Wassermusik. Suite für Orchester Nr. 2 D-Dur, HWV 349;https://hooks.swr.de/99006/2241558.mp3;https://onair.swr.de/covers/swr/swrhfdb1.KONF.45711132?stationid=28469
2025-05-18 08:40:14;185;31513043;London Mozart Players & Matthias Bamert;3. Satz: Menuetto und Trio. Moderato aus: Sinfonie c-Moll, [Bryan c2];https://hooks.swr.de/99006/2241559.mp3;no cover
2025-05-18 08:44:37;197;31513058;Natalie Karl, Pavel Baleff & Baden-Badener Philharmonie;Warum hast du mich wachgeküsst. Lied;https://hooks.swr.de/99006/2241561.mp3;https://onair.swr.de/covers/swr/swrhfdb1.KONF.36966881?stationid=28469
2025-05-18 08:47:54;191;31513063;Slowakisches Radio-Sinfonieorchester Bratislava & Andrew Mogrelia;(20) Galop général aus: Giselle oder Die Wilis Ballett-Pantomime in 2 Akten;https://hooksswr-a.akamaihd.net/99006/1867840.m.mp3;no cover
2025-05-18 08:51:59;267;31513077;Rundfunkorchester des Südwestfunks & Emmerich Smola;Perpetual emotion (1) aus: Aus: Sinfonie Nr. 5 1/2;https://hooks.swr.de/99006/2241562.mp3;no cover
2025-05-18 08:56:26;190;31513086;Franck Pourcel und Sein Großes Orchester;Bayerische G'schichten;https://hooks.swr.de/99006/2241563.mp3;no cover
2025-05-18 08:59:49;186;31513102;New York Philharmonic & Leonard Bernstein;(4) Hoe-down. Allegro aus: Rodeo. Four Dance Episodes;https://hooksswr-a.akamaihd.net/99006/M0012398.012.m.mp3;no cover
2025-05-18 09:04:30;499;31513117;Marek Janowski & Dresdner Philharmonie;4. Satz: Allegro animato e grazioso aus: Sinfonie Nr. 1 B-Dur, op. 38;https://hooks.swr.de/99006/2241564.mp3;https://onair.swr.de/covers/swr/swrhfdb1.KONF.52701391?stationid=28469
2025-05-18 09:14:44;287;31513142;Renée Fleming, Jeffrey Tate & English Chamber Orchestra;O Dieu! que de bijoux! - Ah, je ris de me voir - Rezitativ und Juwelenarie der Marguerite, 3. Akt  aus: Faust. Opéra in 5 Akten;no hook;https://onair.swr.de/covers/swr/swrhfdb1.KONF.45646075?stationid=28469
2025-05-18 09:19:31;138;31513150;Rundfunkorchester des Südwestfunks & Emmerich Smola;Marsch aus: Turandot. Musik zum Schauspiel, op. 37 J 75;https://hooksswr-a.akamaihd.net/99006/M0086104.001.m.mp3;no cover
2025-05-18 09:23:10;144;31513173;Mirko Roschkowski, Martin Kerschbaum & Vienna Classical Players;Ah, se fosse intorno. Arie des Titus, 1. Akt aus: La clemenza di Tito , KV 621 (Opera seria in 2 Akten);https://hooks.swr.de/99006/2197445.mp3;https://onair.swr.de/covers/swr/swrhfdb1.KONF.47361995?stationid=28469
2025-05-18 09:25:33;329;31513176;Staatsphilharmonie Rheinland-Pfalz & Patrick Davin;Slawischer Tanz, 3. Akt aus: Le Roi malgré lui Operá comique in 3 Akten;https://hooks.swr.de/99006/2241566.mp3;no cover
2025-05-18 09:31:14;112;31513196;Peter Grabinger;Minutenwalzer;https://hooksswr-a.akamaihd.net/99006/2088103.m.mp3;https://onair.swr.de/covers/swr/swrhfdb1.KONF.51259478?stationid=28469
2025-05-18 09:31:54;308;31513204;Berliner Philharmoniker & Georges Prêtre;Orpheus-Quadrille für Orchester, op. 236;https://hooks.swr.de/99006/2241567.mp3;https://onair.swr.de/covers/swr/swrhfdb1.KONF.46728685?stationid=28469
2025-05-18 09:38:04;216;31513218;Luciano Pavarotti, Wiener Volksopernorchester & Leone Magiera;Szene und Arie des Canio (1.Akt) aus: Der Bajazzo. Drama in 2 Akten und 1 Prolog;https://hooks.swr.de/99006/1915924.mp3;no cover
2025-05-18 09:41:41;240;31513225;City of Birmingham Symphony Orchestra & Vivian Dunn;Nr. 10: Dance of the nymphs and reapers aus: The Tempest Schauspielmusik für Orchester, op. 1;https://hooks.swr.de/99006/2241568.mp3;https://onair.swr.de/covers/swr/swrhfdb1.KONF.6255280?stationid=28469
2025-05-18 09:46:37;236;31513241;Regula Mühlemann & CHAARTS Chamber Artists;Komm zu uns und sing und tanze (Chor der Elfen), 3. Akt. Bearbeitet für Sopran und Kammerensemble aus: Die Rheinnixen. Oper in 3 Akten;https://hooks.swr.de/99006/2241569.mp3;no cover
2025-05-18 09:50:33;132;31513245;Neeme Järvi & Royal Scottish National Orchestra;4. Satz: Divertissement: Pizzicati. Andante - Allegretto ben oderato - Un peu plus animé - En animant jusqu'à la fin aus: Sylvia, ou La Nymphe de Diane. Ballettsuite für Orchester;https://hooks.swr.de/99006/2174741.mp3;https://onair.swr.de/covers/swr/swrhfdb1.KONF.52450596?stationid=28469
2025-05-18 09:53:36;151;31513259;Robert Farnon and his Orchestra & José Carreras;Tonight;https://hooks.swr.de/99006/2241571.mp3;https://onair.swr.de/covers/swr/swrhfdb1.KONF.26515779?stationid=28469
2025-05-18 09:56:29;200;31513269;Jan Hammer;Crockett's Theme;https://hooks.swr.de/99006/M0040119.009.mp3;https://onair.swr.de/covers/swr/swrhfdb1.KONF.6541764?stationid=28469
2025-05-18 09:59:49;137;31513271;Michel Legrand;The windmills of your mind (Theme);https://hooksswr-a.akamaihd.net/99006/2202977.m.mp3;https://onair.swr.de/covers/swr/swrhfdb1.KONF.25274485?stationid=28469
2025-05-18 10:04:16;192;31513294;Barry White;You're the first, the last, my everything;https://hooksswr-a.akamaihd.net/99006/2024140.mp3;https://onair.swr.de/covers/swr/swrhfdb1.KONF.5267728?stationid=28469
2025-05-18 10:07:32;158;31513311;Simon & Garfunkel;Cecilia;https://hooksswr-a.akamaihd.net/99006/M0002482.002.mp3;https://onair.swr.de/covers/swr/swrhfdb1.KONF.4051428?stationid=28469
2025-05-18 10:13:02;240;31513326;Rod Stewart;This old heart of mine;https://hooksswr-a.akamaihd.net/99006/2167492.mp3;https://onair.swr.de/covers/swr/swrhfdb1.KONF.6247751?stationid=28469
2025-05-18 10:13:02;214;31513328;Rod Stewart;This old heart of mine;https://hooksswr-a.akamaihd.net/99006/2167492.mp3;https://onair.swr.de/covers/swr/swrhfdb1.KONF.6247751?stationid=28469
2025-05-18 10:16:40;226;31513345;Nik Kershaw;The riddle;https://hooksswr-a.akamaihd.net/99006/1988507.mp3;https://onair.swr.de/covers/swr/swrhfdb1.KONF.6101521?stationid=28469
2025-05-18 10:23:43;197;31513359;Elvis Presley;Suspicious minds;https://hooksswr-a.akamaihd.net/99006/M0007805.016.mp3;https://onair.swr.de/covers/swr/swrhfdb1.KONF.4589325?stationid=28469
2025-05-18 10:26:33;262;31513374;Herbert Grönemeyer;Mensch;https://hooksswr-a.akamaihd.net/99006/2150636.mp3;https://onair.swr.de/covers/swr/swrhfdb1.KONF.3640444?stationid=28469
2025-05-18 10:30:56;200;31513375;The Pointer Sisters;Slow hand;https://hooksswr-a.akamaihd.net/99006/2227890.mp3;https://onair.swr.de/covers/swr/swrhfdb1.KONF.46019512?stationid=28469
2025-05-18 10:30:45;167;31513387;Oliver Onions;Flying through the air;https://hooksswr-a.akamaihd.net/99006/M0039930.003.mp3;https://onair.swr.de/covers/swr/swrhfdb1.KONF.6533613?stationid=28469
2025-05-18 10:33:38;185;31513399;Cliff Richard;The young ones;https://hooksswr-a.akamaihd.net/99006/2018479.mp3;https://onair.swr.de/covers/swr/swrhfdb1.KONF.6270631?stationid=28469
2025-05-18 10:40:08;189;31513413;George McCrae;Rock your baby;https://hooksswr-a.akamaihd.net/99006/M0407800.001.mp3;https://onair.swr.de/covers/swr/swrhfdb1.KONF.44819957?stationid=28469
2025-05-18 10:43:24;204;31513432;Peter Maffay;Nessaja;https://hooksswr-a.akamaihd.net/99006/M0040489.011.mp3;https://onair.swr.de/covers/swr/swrhfdb1.KONF.6556998?stationid=28469
2025-05-18 10:49:53;156;31513445;Nancy Sinatra;These boots are made for walkin';https://hooksswr-a.akamaihd.net/99006/M0016521.010.mp3;https://onair.swr.de/covers/swr/swrhfdb1.KONF.4588432?stationid=28469
2025-05-18 10:52:32;205;31513462;Status Quo;Rockin' all over the world;https://hooksswr-a.akamaihd.net/99006/M0002522.014.mp3;https://onair.swr.de/covers/swr/swrhfdb1.KONF.4051947?stationid=28469
2025-05-18 10:55:57;242;31513463;Player;Baby come back;https://hooks.swr.de/99006/2229117.mp3;https://onair.swr.de/covers/swr/swrhfdb1.KONF.14857856?stationid=28469
2025-05-18 11:04:21;190;31513504;Neil Diamond;Sweet Caroline (Good times never seemed so good);https://hooksswr-a.akamaihd.net/99006/M0672212.002.mp3;https://onair.swr.de/covers/swr/swrhfdb1.KONF.47821869?stationid=28469
2025-05-18 11:07:33;191;31513518;Marvin Gaye;I heard it through the grapevine;https://hooks.swr.de/99006/2158207.mp3;https://onair.swr.de/covers/swr/swrhfdb1.KONF.6541636?stationid=28469
2025-05-18 11:13:57;237;31513527;Air Supply;All out of love;https://hooks.swr.de/99006/M0370122.001.mp3;https://onair.swr.de/covers/swr/swrhfdb1.KONF.43986089?stationid=28469
2025-05-18 11:17:54;148;31513535;The Four Tops;I can't help myself (sugar pie, honey bunch);https://hooksswr-a.akamaihd.net/99006/2158296.mp3;https://onair.swr.de/covers/swr/swrhfdb1.KONF.6597128?stationid=28469
2025-05-18 11:23:58;210;31513555;Scorpions;Wind of change;https://hooksswr-a.akamaihd.net/99006/2124156.mp3;https://onair.swr.de/covers/swr/swrhfdb1.KONF.46077524?stationid=28469
2025-05-18 11:27:31;218;31513573;Achim Reichel;Aloha heja he;https://hooksswr-a.akamaihd.net/99006/M0337269.025.mp3;https://onair.swr.de/covers/swr/swrhfdb1.KONF.40849914?stationid=28469
2025-05-18 11:32:52;220;31513587;Blondie;Heart of glass;https://hooksswr-a.akamaihd.net/99006/1986580.mp3;no cover
2025-05-18 11:36:32;131;31513588;Dion;Dream lover;https://hooksswr-a.akamaihd.net/99006/2154127.mp3;no cover
2025-05-18 11:41:38;186;31513606;David Dundas;Jeans on;https://hooksswr-a.akamaihd.net/99006/M0024459.010.mp3;https://onair.swr.de/covers/swr/swrhfdb1.KONF.5370522?stationid=28469
2025-05-18 11:44:47;210;31513629;Max Giesinger;80 Millionen;https://hooksswr-a.akamaihd.net/99006/M0429825.001.mp3;https://onair.swr.de/covers/swr/swrhfdb1.KONF.45050416?stationid=28469
2025-05-18 11:51:36;151;31513638;Johnny Cash & The Tennessee Three;Ring of fire;https://hooksswr-a.akamaihd.net/99006/M0006165.001.mp3;https://onair.swr.de/covers/swr/swrhfdb1.KONF.4598905?stationid=28469
2025-05-18 11:54:11;191;31513655;Exile;Kiss you all over;https://hooksswr-a.akamaihd.net/99006/1985341.mp3;https://onair.swr.de/covers/swr/swrhfdb1.KONF.6541710?stationid=28469
2025-05-18 11:57:27;171;31513656;The O'Jays;Love train;https://hooksswr-a.akamaihd.net/99006/M0377617.021.mp3;https://onair.swr.de/covers/swr/swrhfdb1.KONF.44115510?stationid=28469
2025-05-18 12:05:01;200;31513681;Earth & Fire;Weekend;https://hooksswr-a.akamaihd.net/99006/M0024571.008.mp3;https://onair.swr.de/covers/swr/swrhfdb1.KONF.5392141?stationid=28469
2025-05-18 12:08:21;117;31513684;The Everly Brothers;Wake up little Susie;https://hooksswr-a.akamaihd.net/99006/M0363991.009.mp3;https://onair.swr.de/covers/swr/swrhfdb1.KONF.43633467?stationid=28469
2025-05-18 12:12:43;258;31513712;Styx;Babe;https://hooksswr-a.akamaihd.net/99006/2171959.mp3;https://onair.swr.de/covers/swr/swrhfdb1.KONF.27056454?stationid=28469
2025-05-18 12:17:01;164;31513715;Tom Jones;Help yourself;https://hooksswr-a.akamaihd.net/99006/M0381609.013.mp3;https://onair.swr.de/covers/swr/swrhfdb1.KONF.44207139?stationid=28469
2025-05-18 12:20:40;193;31513732;Albert Hammond;I'm a train;https://hooks.swr.de/99006/M0004336.013.mp3;https://onair.swr.de/covers/swr/swrhfdb1.KONF.4306149?stationid=28469
2025-05-18 12:23:51;247;31513742;Westernhagen;Wieder hier;https://hooks.swr.de/99006/M0001756.001.mp3;https://onair.swr.de/covers/swr/swrhfdb1.KONF.3969773?stationid=28469
2025-05-18 12:27:18;185;31513756;The Sweet;Little Willy;https://hooksswr-a.akamaihd.net/99006/2052812.mp3;https://onair.swr.de/covers/swr/swrhfdb1.KONF.6591745?stationid=28469
2025-05-18 12:31:30;224;31513773;Elton John;Crocodile Rock;https://hooksswr-a.akamaihd.net/99006/M0036478.009.mp3;https://onair.swr.de/covers/swr/swrhfdb1.KONF.6308743?stationid=28469
2025-05-18 12:35:14;120;31513775;Jewel Akens;The birds and the bees;https://hooksswr-a.akamaihd.net/99006/M0332180.030.mp3;no cover
2025-05-18 12:37:11;226;31513790;Delegation;Where is the love (we used to know);https://hooks.swr.de/99006/M0377639.006.mp3;https://onair.swr.de/covers/swr/swrhfdb1.KONF.44115592?stationid=28469
2025-05-18 12:43:12;171;31513796;John Fred & His Playboy Band;Judy in disguise (with glasses);https://hooksswr-a.akamaihd.net/99006/2063447.mp3;https://onair.swr.de/covers/swr/swrhfdb1.KONF.5178767?stationid=28469
2025-05-18 12:46:03;218;31513815;Schweizer;13 Tage;https://hooksswr-a.akamaihd.net/99006/M0061923.005.mp3;https://onair.swr.de/covers/swr/swrhfdb1.KONF.7886578?stationid=28469
2025-05-18 12:50:47;236;31513835;Don McLean;Vincent;https://hooksswr-a.akamaihd.net/99006/M0020661.014.mp3;https://onair.swr.de/covers/swr/swrhfdb1.KONF.5087424?stationid=28469
2025-05-18 12:54:44;111;31513836;Eddie Cochran;Summertime Blues;https://hooksswr-a.akamaihd.net/99006/M0016501.004.mp3;https://onair.swr.de/covers/swr/swrhfdb1.KONF.4588039?stationid=28469
2025-05-18 12:56:36;232;31513846;Robert Palmer;Johnny and Mary;https://hooks.swr.de/99006/2052771.mp3;https://onair.swr.de/covers/swr/swrhfdb1.KONF.4871495?stationid=28469
2025-05-18 13:05:21;204;31513868;LaBionda;One for you, one for me;https://hooksswr-a.akamaihd.net/99006/M0345209.027.mp3;https://onair.swr.de/covers/swr/swrhfdb1.KONF.41894921?stationid=28469
2025-05-18 13:08:45;221;31513870;Godley & Creme;A little piece of heaven;https://hooksswr-a.akamaihd.net/99006/M0077883.002.mp3;https://onair.swr.de/covers/swr/swrhfdb1.KONF.8648480?stationid=28469
2025-05-18 13:12:32;226;31513884;Kool & the Gang;Cherish;https://hooksswr-a.akamaihd.net/99006/M0024558.019.mp3;https://onair.swr.de/covers/swr/swrhfdb1.KONF.5391723?stationid=28469
2025-05-18 13:19:21;224;31513910;Bonnie Tyler;Lost In France;https://hooksswr-a.akamaihd.net/99006/M0273248.009.mp3;https://onair.swr.de/covers/swr/swrhfdb1.KONF.22111630?stationid=28469
2025-05-18 13:23:03;114;31513912;Johnny Burnette;You're sixteen, you're beautiful (and you're mine);https://hooksswr-a.akamaihd.net/99006/M0552782.004.mp3;https://onair.swr.de/covers/swr/swrhfdb1.KONF.46483119?stationid=28469
2025-05-18 13:24:58;209;31513921;Bucks Fizz;The land of make believe;https://hooksswr-a.akamaihd.net/99006/M0602012.004.mp3;https://onair.swr.de/covers/swr/swrhfdb1.KONF.47327180?stationid=28469
2025-05-18 13:28:30;211;31513927;Secret Service;Oh Susie;https://hooksswr-a.akamaihd.net/99006/M0673131.001.mp3;https://onair.swr.de/covers/swr/swrhfdb1.KONF.47888296?stationid=28469
2025-05-18 13:34:38;168;31513947;ABBA;Honey honey;https://hooksswr-a.akamaihd.net/99006/M0001402.008.mp3;https://onair.swr.de/covers/swr/swrhfdb1.KONF.3812407?stationid=28469
2025-05-18 13:37:22;140;31513953;Manfred Mann;Do wah diddy diddy;https://hooksswr-a.akamaihd.net/99006/M0009954.003.mp3;https://onair.swr.de/covers/swr/swrhfdb1.KONF.4980676?stationid=28469
2025-05-18 13:39:44;166;31513960;Luv';You're the greatest lover;https://hooksswr-a.akamaihd.net/99006/M0386818.001.mp3;https://onair.swr.de/covers/swr/swrhfdb1.KONF.44403749?stationid=28469
2025-05-18 13:44:30;138;31513973;Paul Anka;Diana;https://hooksswr-a.akamaihd.net/99006/2236110.mp3;https://onair.swr.de/covers/swr/swrhfdb1.KONF.4559616?stationid=28469
2025-05-18 13:46:48;187;31513976;Namika;Lieblingsmensch;https://hooksswr-a.akamaihd.net/99006/M0414885.001.mp3;https://onair.swr.de/covers/swr/swrhfdb1.KONF.44895618?stationid=28469
2025-05-18 13:50:00;212;31513983;John Travolta & Olivia Newton-John;Summer nights;https://hooksswr-a.akamaihd.net/99006/M0098286.001.mp3;https://onair.swr.de/covers/swr/swrhfdb1.KONF.9265063?stationid=28469
2025-05-18 13:53:33;182;31513991;Wilson Pickett;Mustang Sally;https://hooksswr-a.akamaihd.net/99006/2164402.mp3;https://onair.swr.de/covers/swr/swrhfdb1.KONF.4588524?stationid=28469
2025-05-18 13:56:34;223;31514005;Barbra Streisand;Woman in love;https://hooks.swr.de/99006/M0007555.002.mp3;https://onair.swr.de/covers/swr/swrhfdb1.KONF.4559639?stationid=28469
2025-05-18 14:04:33;151;31514037;Jimmy Cliff;You can get it if you really want;https://hooksswr-a.akamaihd.net/99006/1736978.mp3;https://onair.swr.de/covers/swr/swrhfdb1.KONF.5668160?stationid=28469
2025-05-18 14:07:07;142;31514039;Roy Orbison;Only the lonely;https://hooksswr-a.akamaihd.net/99006/1986655.mp3;https://onair.swr.de/covers/swr/swrhfdb1.KONF.7283101?stationid=28469
2025-05-18 14:09:36;214;31514053;Rose Laurens;Africa (Voodoo Master);https://hooks.swr.de/99006/1986388.mp3;https://onair.swr.de/covers/swr/swrhfdb1.KONF.5370704?stationid=28469
2025-05-18 14:15:37;189;31514076;Cat Stevens;Morning has broken;https://hooksswr-a.akamaihd.net/99006/M0056488.001.m.mp3;https://onair.swr.de/covers/swr/swrhfdb1.KONF.9903288?stationid=28469
2025-05-18 14:18:46;150;31514078;The Beatles & The Beatles;Twist and shout;https://hooks.swr.de/99006/1797636.mp3;https://onair.swr.de/covers/swr/swrhfdb1.KONF.4588034?stationid=28469
2025-05-18 14:21:21;232;31514089;Stevie Wonder;Sir Duke;https://hooksswr-a.akamaihd.net/99006/2183005.mp3;https://onair.swr.de/covers/swr/swrhfdb1.KONF.6403535?stationid=28469
2025-05-18 14:25:13;224;31514097;Stefan Waggershausen;Hallo Engel;https://hooksswr-a.akamaihd.net/99006/M0402968.015.mp3;https://onair.swr.de/covers/swr/swrhfdb1.KONF.44767078?stationid=28469
2025-05-18 14:28:56;139;31514109;Hall & Oates;Rich girl;https://hooksswr-a.akamaihd.net/99006/M0024707.002.mp3;https://onair.swr.de/covers/swr/swrhfdb1.KONF.5426556?stationid=28469
2025-05-18 14:32:14;180;31514127;Billy Swan;I can help;https://hooksswr-a.akamaihd.net/99006/M0023742.025.mp3;https://onair.swr.de/covers/swr/swrhfdb1.KONF.6287596?stationid=28469
2025-05-18 14:35:07;134;31514132;The Lovin' Spoonful;Daydream;https://hooksswr-a.akamaihd.net/99006/2028559.mp3;https://onair.swr.de/covers/swr/swrhfdb1.KONF.5042470?stationid=28469
2025-05-18 14:37:27;243;31514143;Clout;Save me;https://hooksswr-a.akamaihd.net/99006/M0024571.002.mp3;https://onair.swr.de/covers/swr/swrhfdb1.KONF.5392135?stationid=28469
2025-05-18 14:42:51;109;31514165;Sam Cooke;Only sixteen;https://hooksswr-a.akamaihd.net/99006/M0484656.009.mp3;https://onair.swr.de/covers/swr/swrhfdb1.KONF.45663236?stationid=28469
2025-05-18 14:44:40;208;31514169;Ich & Ich;Du erinnerst mich an Liebe;https://hooksswr-a.akamaihd.net/99006/2150982.mp3;https://onair.swr.de/covers/swr/swrhfdb1.KONF.5856743?stationid=28469
2025-05-18 14:48:43;226;31514174;Sandra;I'll never be Maria Magdalena;https://hooksswr-a.akamaihd.net/99006/1987986.mp3;https://onair.swr.de/covers/swr/swrhfdb1.KONF.4051783?stationid=28469
2025-05-18 14:52:00;158;31514187;Donovan;Jennifer Juniper;https://hooks.swr.de/99006/M0039902.014.mp3;https://onair.swr.de/covers/swr/swrhfdb1.KONF.6527333?stationid=28469
2025-05-18 14:54:46;231;31514198;Genesis;Follow you follow me;https://hooksswr-a.akamaihd.net/99006/M0006142.006.mp3;https://onair.swr.de/covers/swr/swrhfdb1.KONF.4598630?stationid=28469
2025-05-18 14:58:01;134;31514221;Chubby Checker;Let's twist again;https://hooksswr-a.akamaihd.net/99006/M0589232.001.mp3;https://onair.swr.de/covers/swr/swrhfdb1.KONF.47066789?stationid=28469
2025-05-18 15:04:59;237;31514241;Electric Light Orchestra;Evil woman;https://hooksswr-a.akamaihd.net/99006/2228570.mp3;https://onair.swr.de/covers/swr/swrhfdb1.KONF.3432785?stationid=28469
2025-05-18 15:08:52;232;31514243;Bobby Goldsboro;Honey;https://hooksswr-a.akamaihd.net/99006/2003423.mp3;no cover
2025-05-18 15:12:53;247;31514255;Belinda Carlisle;I get weak;https://hooks.swr.de/99006/2228194.mp3;https://onair.swr.de/covers/swr/swrhfdb1.KONF.4051311?stationid=28469
2025-05-18 15:19:10;220;31514292;Eric Clapton;Lay down Sally;https://hooksswr-a.akamaihd.net/99006/2031422.mp3;https://onair.swr.de/covers/swr/swrhfdb1.KONF.8617442?stationid=28469
2025-05-18 15:22:34;173;31514294;Ben E. King;Stand by me;https://hooksswr-a.akamaihd.net/99006/M0075861.019.mp3;https://onair.swr.de/covers/swr/swrhfdb1.KONF.8400126?stationid=28469
2025-05-18 15:26:10;216;31514310;Village People;In the navy;https://hooksswr-a.akamaihd.net/99006/2032660.mp3;https://onair.swr.de/covers/swr/swrhfdb1.KONF.3481762?stationid=28469
2025-05-18 15:32:01;243;31514325;Supertramp;It's raining again;https://hooksswr-a.akamaihd.net/99006/M0018369.003.mp3;https://onair.swr.de/covers/swr/swrhfdb1.KONF.4861491?stationid=28469
2025-05-18 15:35:58;154;31514326;Guy Mitchell;Heartaches by the number;https://hooksswr-a.akamaihd.net/99006/M0508536.001.mp3;https://onair.swr.de/covers/swr/swrhfdb1.KONF.45957195?stationid=28469
2025-05-18 15:38:38;191;31514340;Alan Sorrenti;Non so che darei;https://hooksswr-a.akamaihd.net/99006/M0023178.012.mp3;https://onair.swr.de/covers/swr/swrhfdb1.KONF.6212945?stationid=28469
2025-05-18 15:43:11;209;31514360;Smokie;If you think you know how to love me;https://hooksswr-a.akamaihd.net/99006/M0117709.001.mp3;https://onair.swr.de/covers/swr/swrhfdb1.KONF.9578764?stationid=28469
2025-05-18 15:46:40;131;31514366;The Seekers;Georgy girl;https://hooksswr-a.akamaihd.net/99006/M0009415.013.mp3;https://onair.swr.de/covers/swr/swrhfdb1.KONF.5130400?stationid=28469
2025-05-18 15:48:54;166;31514376;Dr. Hook;Better love next time;https://hooksswr-a.akamaihd.net/99006/2013671.mp3;https://onair.swr.de/covers/swr/swrhfdb1.KONF.6527358?stationid=28469
2025-05-18 15:51:48;238;31514381;Udo Jürgens;Griechischer Wein;https://hooksswr-a.akamaihd.net/99006/M0017886.001.mp3;https://onair.swr.de/covers/swr/swrhfdb1.KONF.4730910?stationid=28469
2025-05-18 15:55:46;274;31514392;Billy Joel;Just the way you are;https://hooks.swr.de/99006/2026855.mp3;https://onair.swr.de/covers/swr/swrhfdb1.KONF.7969990?stationid=28469
2025-05-18 16:04:51;147;31514447;Fleetwood Mac;Oh Diane;https://hooksswr-a.akamaihd.net/99006/1985506.mp3;https://onair.swr.de/covers/swr/swrhfdb1.KONF.4051270?stationid=28469
2025-05-18 16:07:20;146;31514450;Pat Boone;Memphis Tennessee;https://hooksswr-a.akamaihd.net/99006/M0016510.002.mp3;https://onair.swr.de/covers/swr/swrhfdb1.KONF.4588250?stationid=28469
2025-05-18 16:09:50;203;31514456;Fiction Factory;Feels like heaven;https://hooks.swr.de/99006/M0023749.027.mp3;https://onair.swr.de/covers/swr/swrhfdb1.KONF.6287769?stationid=28469
2025-05-18 16:13:41;298;31514470;Joan Baez;The night they drove old Dixie down (Pop und Poesie);https://hooks.swr.de/99006/2241591.mp3;no cover
2025-05-18 16:18:39;214;31514485;The Rubettes;Tonight;https://hooksswr-a.akamaihd.net/99006/M0041086.002.mp3;https://onair.swr.de/covers/swr/swrhfdb1.KONF.6588259?stationid=28469
2025-05-18 16:22:14;140;31514495;Thom Pace;Maybe;https://hooksswr-a.akamaihd.net/99006/M0030366.046.mp3;https://onair.swr.de/covers/swr/swrhfdb1.KONF.5810324?stationid=28469
2025-05-18 16:28:20;245;31514516;The Les Humphries Singers;Kansas City;https://hooksswr-a.akamaihd.net/99006/M0089258.004.mp3;https://onair.swr.de/covers/swr/swrhfdb1.KONF.9056573?stationid=28469
2025-05-18 16:24:33;238;31514517;Münchener Freiheit;Ohne dich (schlaf' ich heut nacht nicht ein);https://hooksswr-a.akamaihd.net/99006/M0059294.008.mp3;https://onair.swr.de/covers/swr/swrhfdb1.KONF.7449776?stationid=28469
2025-05-18 16:33:41;260;31514537;Rod Stewart;Young turks;https://hooksswr-a.akamaihd.net/99006/2227280.mp3;https://onair.swr.de/covers/swr/swrhfdb1.KONF.6787236?stationid=28469
2025-05-18 16:38:00;168;31514540;Scott McKenzie;San Francisco (be sure to wear some flowers in your hair);https://hooksswr-a.akamaihd.net/99006/M0023704.009.mp3;https://onair.swr.de/covers/swr/swrhfdb1.KONF.6280911?stationid=28469
2025-05-18 16:40:55;253;31514559;Carly Simon;You're so vain;https://hooksswr-a.akamaihd.net/99006/M0055859.007.mp3;https://onair.swr.de/covers/swr/swrhfdb1.KONF.9734124?stationid=28469
2025-05-18 16:45:46;149;31514592;Sam & Dave;Hold on, I'm coming;https://hooksswr-a.akamaihd.net/99006/2167116.mp3;https://onair.swr.de/covers/swr/swrhfdb1.KONF.43173260?stationid=28469
2025-05-18 16:48:15;210;31514594;Nena;Wunder gescheh'n;https://hooksswr-a.akamaihd.net/99006/M0006147.016.mp3;https://onair.swr.de/covers/swr/swrhfdb1.KONF.4598726?stationid=28469
2025-05-18 16:51:50;237;31514601;The Hollies;The air that I breathe;https://hooksswr-a.akamaihd.net/99006/M0235777.010.mp3;https://onair.swr.de/covers/swr/swrhfdb1.KONF.14395413?stationid=28469
2025-05-18 16:55:38;122;31514612;Elvis Presley;Return to sender;https://hooks.swr.de/99006/M0008791.029.mp3;https://onair.swr.de/covers/swr/swrhfdb1.KONF.5001797?stationid=28469
2025-05-18 16:57:41;199;31514624;The Buggles;Video killed the radio star;https://hooksswr-a.akamaihd.net/99006/2091511.mp3;https://onair.swr.de/covers/swr/swrhfdb1.KONF.6351999?stationid=28469
2025-05-18 17:05:14;173;31514661;Neil Diamond;Cracklin' Rosie;https://hooksswr-a.akamaihd.net/99006/1987865.mp3;https://onair.swr.de/covers/swr/swrhfdb1.KONF.47821871?stationid=28469
2025-05-18 17:08:07;160;31514663;Bobby Hebb;Sunny;https://hooksswr-a.akamaihd.net/99006/2181664.mp3;https://onair.swr.de/covers/swr/swrhfdb1.KONF.4588460?stationid=28469
2025-05-18 17:10:53;271;31514675;Feargal Sharkey;A good heart;https://hooksswr-a.akamaihd.net/99006/M0024480.009.mp3;https://onair.swr.de/covers/swr/swrhfdb1.KONF.5370966?stationid=28469
2025-05-18 17:19:38;149;31514702;Dolly Parton;9 to 5;https://hooksswr-a.akamaihd.net/99006/M0026262.015.mp3;https://onair.swr.de/covers/swr/swrhfdb1.KONF.5500227?stationid=28469
2025-05-18 17:22:03;172;31514713;Miriam Makeba;Pata Pata;https://hooksswr-a.akamaihd.net/99006/M0040074.007.mp3;https://onair.swr.de/covers/swr/swrhfdb1.KONF.6538279?stationid=28469
2025-05-18 17:25:08;219;31514715;Harry Chapin;Cat's in the cradle;https://hooksswr-a.akamaihd.net/99006/2136380.mp3;https://onair.swr.de/covers/swr/swrhfdb1.KONF.43998707?stationid=28469
2025-05-18 17:28:35;148;31514724;Gilbert O'Sullivan;What's in a kiss;https://hooksswr-a.akamaihd.net/99006/M0008946.030.mp3;https://onair.swr.de/covers/swr/swrhfdb1.KONF.5042474?stationid=28469
2025-05-18 17:31:02;224;31514732;Heinz Rudolf Kunze;Aller Herren Länder;https://hooksswr-a.akamaihd.net/99006/1984764.mp3;https://onair.swr.de/covers/swr/swrhfdb1.KONF.41030517?stationid=28469
2025-05-18 17:32:25;198;31514737;Billy Ray Cyrus;Achy breaky heart;https://hooksswr-a.akamaihd.net/99006/M0002200.001.mp3;https://onair.swr.de/covers/swr/swrhfdb1.KONF.4037067?stationid=28469
2025-05-18 17:35:44;202;31514740;The Housemartins;Caravan of love;https://hooks.swr.de/99006/M0513078.018.mp3;https://onair.swr.de/covers/swr/swrhfdb1.KONF.46015139?stationid=28469
2025-05-18 17:39:24;151;31514749;The 5th Dimension;Up, up and away;https://hooksswr-a.akamaihd.net/99006/M0042497.009.mp3;https://onair.swr.de/covers/swr/swrhfdb1.KONF.7099895?stationid=28469
2025-05-18 17:45:12;240;31514768;Mouth & MacNeal;How do you do?;https://hooksswr-a.akamaihd.net/99006/M0414196.021.mp3;https://onair.swr.de/covers/swr/swrhfdb1.KONF.44889276?stationid=28469
2025-05-18 17:48:37;245;31514779;Rainhard Fendrich;Macho Macho;https://hooksswr-a.akamaihd.net/99006/M0084180.002.mp3;https://onair.swr.de/covers/swr/swrhfdb1.KONF.9024347?stationid=28469
2025-05-18 17:52:40;296;31514788;Mary Hopkin;Those were the days;https://hooksswr-a.akamaihd.net/99006/M0041248.001.mp3;https://onair.swr.de/covers/swr/swrhfdb1.KONF.6597057?stationid=28469
2025-05-18 17:57:11;223;31514804;Elton John;Little Jeannie;https://hooksswr-a.akamaihd.net/99006/2216434.mp3;https://onair.swr.de/covers/swr/swrhfdb1.KONF.3467486?stationid=28469
2025-05-18 18:00:53;208;31514817;The Kinks;Sunny afternoon;https://hooksswr-a.akamaihd.net/99006/1986299.mp3;https://onair.swr.de/covers/swr/swrhfdb1.KONF.14345795?stationid=28469
2025-05-18 18:05:47;219;31514845;Billy Joel;My life;https://hooksswr-a.akamaihd.net/99006/2003419.mp3;https://onair.swr.de/covers/swr/swrhfdb1.KONF.3427872?stationid=28469
2025-05-18 18:09:25;130;31514846;The Searchers;Needles and pins;https://hooksswr-a.akamaihd.net/99006/M0484137.004.mp3;https://onair.swr.de/covers/swr/swrhfdb1.KONF.45658342?stationid=28469
2025-05-18 18:11:38;284;31514853;Kate Bush;Running up that hill;https://hooks.swr.de/99006/2193819.mp3;https://onair.swr.de/covers/swr/swrhfdb1.KONF.5370948?stationid=28469
2025-05-18 18:20:23;186;31514873;John Denver;Take me home country roads;https://hooksswr-a.akamaihd.net/99006/M0007693.020.mp3;https://onair.swr.de/covers/swr/swrhfdb1.KONF.4571168?stationid=28469
2025-05-18 18:23:27;181;31514884;Tom Jones;Green, green grass of home;https://hooksswr-a.akamaihd.net/99006/1987227.mp3;https://onair.swr.de/covers/swr/swrhfdb1.KONF.4551503?stationid=28469
2025-05-18 18:27:01;192;31514895;Gloria Gaynor;I will survive;https://hooksswr-a.akamaihd.net/99006/M0251414.033.mp3;https://onair.swr.de/covers/swr/swrhfdb1.KONF.15395105?stationid=28469
2025-05-18 18:30:13;229;31514896;Haindling;Lang scho nimma g'sehn;https://hooksswr-a.akamaihd.net/99006/M0023782.017.mp3;https://onair.swr.de/covers/swr/swrhfdb1.KONF.6293479?stationid=28469
2025-05-18 18:32:09;152;31514906;Queen;Crazy little thing called love;https://hooksswr-a.akamaihd.net/99006/M0005718.005.mp3;https://onair.swr.de/covers/swr/swrhfdb1.KONF.4505500?stationid=28469
2025-05-18 18:34:43;275;31514908;Bill Medley & Jennifer Warnes;(I've had) The time of my life;https://hooksswr-a.akamaihd.net/99006/M0016489.001.mp3;https://onair.swr.de/covers/swr/swrhfdb1.KONF.4587912?stationid=28469
2025-05-18 18:39:26;161;31514912;Amen Corner;(If paradise is) half as nice;https://hooksswr-a.akamaihd.net/99006/M0084356.002.mp3;https://onair.swr.de/covers/swr/swrhfdb1.KONF.8743967?stationid=28469
2025-05-18 18:43:28;172;31514928;Söhne Mannheims feat.Tamara Perez;Fragmente - Piano Edit;no hook;https://onair.swr.de/covers/swr/fallback?stationid=28469
2025-05-18 18:46:20;181;31514935;Alicia Bridges;I love the nightlife (Disco 'round);https://hooksswr-a.akamaihd.net/99006/2214962.mp3;https://onair.swr.de/covers/swr/swrhfdb1.KONF.44115674?stationid=28469
2025-05-18 18:49:23;147;31514941;The Supremes;Where did our love go;https://hooksswr-a.akamaihd.net/99006/M0016506.022.mp3;https://onair.swr.de/covers/swr/swrhfdb1.KONF.4588224?stationid=28469
2025-05-18 18:51:54;232;31514948;Cat Stevens;Peace train - remastered 2021;no hook;https://onair.swr.de/covers/swr/swrhfdb1.KONF.48534661?stationid=28469
2025-05-18 18:55:36;261;31514955;OMD;If you leave;https://hooks.swr.de/99006/2228392.mp3;https://onair.swr.de/covers/swr/swrhfdb1.KONF.46654158?stationid=28469
2025-05-18 18:59:57;173;31514961;Dionne Warwick;I'll never fall in love again;https://hooksswr-a.akamaihd.net/99006/M0418005.009.mp3;https://onair.swr.de/covers/swr/swrhfdb1.KONF.44928597?stationid=28469
2025-05-18 19:05:10;272;31514981;Eagles;Hotel California;https://hooksswr-a.akamaihd.net/99006/M0017553.017.mp3;https://onair.swr.de/covers/swr/swrhfdb1.KONF.5794286?stationid=28469
2025-05-18 19:09:41;251;31514983;Nancy Sinatra & Lee Hazlewood;Summerwine;https://hooks.swr.de/99006/M0040133.006.mp3;https://onair.swr.de/covers/swr/swrhfdb1.KONF.6541814?stationid=28469
2025-05-18 19:13:54;210;31514990;Alice;Per Elisa;https://hooks.swr.de/99006/2183548.mp3;no cover
2025-05-18 19:20:20;212;31515024;Commodores;Three times a lady;https://hooksswr-a.akamaihd.net/99006/2136643.mp3;https://onair.swr.de/covers/swr/swrhfdb1.KONF.6247832?stationid=28469
2025-05-18 19:23:50;177;31515028;The Beatles;Penny Lane;https://hooksswr-a.akamaihd.net/99006/1992258.mp3;https://onair.swr.de/covers/swr/swrhfdb1.KONF.45639608?stationid=28469
2025-05-18 19:26:50;262;31515037;10cc;Dreadlock holiday;https://hooksswr-a.akamaihd.net/99006/2185242.mp3;https://onair.swr.de/covers/swr/swrhfdb1.KONF.46096216?stationid=28469
2025-05-18 19:31:12;220;31515043;Johannes Oerding;Alles brennt;https://hooksswr-a.akamaihd.net/99006/2224804.mp3;https://onair.swr.de/covers/swr/swrhfdb1.KONF.44219488?stationid=28469
2025-05-18 19:32:03;160;31515054;John Travolta & Olivia Newton-John;You're the one that I want;https://hooksswr-a.akamaihd.net/99006/M0372429.004.mp3;https://onair.swr.de/covers/swr/swrhfdb1.KONF.44037543?stationid=28469
2025-05-18 19:34:45;217;31515056;David Bowie & Pat Metheny Group;This is not America;https://hooks.swr.de/99006/2227618.mp3;https://onair.swr.de/covers/swr/swrhfdb1.KONF.6515870?stationid=28469
2025-05-18 19:38:24;173;31515061;Marvin Gaye;It takes two;https://hooksswr-a.akamaihd.net/99006/2220170.mp3;https://onair.swr.de/covers/swr/swrhfdb1.KONF.8846171?stationid=28469
2025-05-18 19:44:40;202;31515090;Chic;Le freak;https://hooksswr-a.akamaihd.net/99006/M0023742.029.mp3;https://onair.swr.de/covers/swr/swrhfdb1.KONF.6287600?stationid=28469
2025-05-18 19:48:01;169;31515099;Hubert KaH;Wenn der Mond die Sonne berührt;https://hooksswr-a.akamaihd.net/99006/M0061923.014.mp3;no cover
2025-05-18 19:50:31;188;31515104;The Mamas and the Papas;Dream a little dream of me;https://hooksswr-a.akamaihd.net/99006/M0040007.018.mp3;https://onair.swr.de/covers/swr/swrhfdb1.KONF.6537599?stationid=28469
2025-05-18 19:53:28;186;31515114;Chicory Tip;Son of my father;https://hooks.swr.de/99006/2015059.mp3;https://onair.swr.de/covers/swr/swrhfdb1.KONF.5934581?stationid=28469
2025-05-18 19:56:34;205;31515124;Men At Work;Down under;https://hooksswr-a.akamaihd.net/99006/1987516.mp3;https://onair.swr.de/covers/swr/swrhfdb1.KONF.4861660?stationid=28469
2025-05-18 19:59:59;152;31515128;Paul Anka;Put your head on my shoulder;https://hooksswr-a.akamaihd.net/99006/M0570726.001.mp3;https://onair.swr.de/covers/swr/swrhfdb1.KONF.46782299?stationid=28469
2025-05-18 20:04:36;224;31515175;Bonnie Tyler;Bitterblue;https://hooksswr-a.akamaihd.net/99006/M0406521.012.mp3;https://onair.swr.de/covers/swr/swrhfdb1.KONF.44805073?stationid=28469
2025-05-18 20:08:19;105;31515177;Simon & Garfunkel;The 59th Street Bridge Song (feelin' groovy);https://hooks.swr.de/99006/M0388504.006.mp3;https://onair.swr.de/covers/swr/swrhfdb1.KONF.44444939?stationid=28469
2025-05-18 20:10:06;261;31515189;Foreigner;Waiting for a girl like you;https://hooks.swr.de/99006/2222510.mp3;https://onair.swr.de/covers/swr/swrhfdb1.KONF.9300243?stationid=28469
2025-05-18 20:17:32;275;31515211;Earth, Wind & Fire;Fantasy;https://hooksswr-a.akamaihd.net/99006/M0041145.002.mp3;https://onair.swr.de/covers/swr/swrhfdb1.KONF.6591922?stationid=28469
2025-05-18 20:22:04;173;31515218;Petula Clark;Downtown;https://hooksswr-a.akamaihd.net/99006/M0023699.031.mp3;https://onair.swr.de/covers/swr/swrhfdb1.KONF.6280843?stationid=28469
2025-05-18 20:25:43;193;31515233;America;Sister Golden Hair;https://hooksswr-a.akamaihd.net/99006/2009390.mp3;https://onair.swr.de/covers/swr/swrhfdb1.KONF.3439799?stationid=28469
2025-05-18 20:28:35;203;31515238;Herbert Grönemeyer;Halt mich;https://hooks.swr.de/99006/M0002310.005.mp3;https://onair.swr.de/covers/swr/swrhfdb1.KONF.6815940?stationid=28469
2025-05-18 20:31:58;120;31515243;Billy J. Kramer with The Dakotas;Do you want to know a secret?;https://hooksswr-a.akamaihd.net/99006/2154368.mp3;https://onair.swr.de/covers/swr/swrhfdb1.KONF.6281064?stationid=28469
2025-05-18 20:32:42;210;31515252;Baccara;Sorry, I'm a lady;https://hooksswr-a.akamaihd.net/99006/M0039930.034.mp3;https://onair.swr.de/covers/swr/swrhfdb1.KONF.6533644?stationid=28469
2025-05-18 20:36:14;171;31515255;Matthew Wilder;Break my stride;https://hooksswr-a.akamaihd.net/99006/M0040545.016.mp3;https://onair.swr.de/covers/swr/swrhfdb1.KONF.6557507?stationid=28469
2025-05-18 20:39:08;146;31515264;David McWilliams;The days of Pearly Spencer;https://hooks.swr.de/99006/2228774.mp3;https://onair.swr.de/covers/swr/swrhfdb1.KONF.3460807?stationid=28469
2025-05-18 20:42:50;172;31515281;Yvonne Elliman;If I can't have you;https://hooksswr-a.akamaihd.net/99006/M0024976.005.mp3;https://onair.swr.de/covers/swr/swrhfdb1.KONF.5486971?stationid=28469
2025-05-18 20:45:42;300;31515283;Peter Maffay;So bist du;https://hooksswr-a.akamaihd.net/99006/M0026776.007.mp3;https://onair.swr.de/covers/swr/swrhfdb1.KONF.5600438?stationid=28469
2025-05-18 20:49:57;132;31515287;Del Shannon;Runaway;https://hooks.swr.de/99006/M0094264.004.mp3;https://onair.swr.de/covers/swr/swrhfdb1.KONF.9138061?stationid=28469
2025-05-18 20:52:08;210;31515297;McGuinness Flint;When I'm dead and gone;https://hooksswr-a.akamaihd.net/99006/M0286656.002.mp3;https://onair.swr.de/covers/swr/swrhfdb1.KONF.25635522?stationid=28469
2025-05-18 20:55:23;277;31515305;Roxette;Listen to your heart;https://hooksswr-a.akamaihd.net/99006/2220160.mp3;https://onair.swr.de/covers/swr/swrhfdb1.KONF.3639655?stationid=28469
2025-05-18 21:00:00;158;31515314;The Drifters;Under the boardwalk;https://hooksswr-a.akamaihd.net/99006/M0041126.010.mp3;https://onair.swr.de/covers/swr/swrhfdb1.KONF.6591670?stationid=28469
2025-05-18 21:03:51;200;31515329;SWR Big Band;Chattanooga Choo Choo;https://hooks.swr.de/99006/2241643.mp3;https://onair.swr.de/covers/swr/swrhfdb1.KONF.5147429?stationid=28469
2025-05-18 21:07:12;308;31515331;Jakob Manz & SWR Big Band;Close Enough for Love;https://hooks.swr.de/99006/2241644.mp3;https://onair.swr.de/covers/swr/swrhfdb1.KONF.53661150?stationid=28469
2025-05-18 21:13:01;299;31515344;SWR Big Band;That's Amore;no hook;https://onair.swr.de/covers/swr/swrhfdb1.KONF.53661149?stationid=28469
2025-05-18 21:18:30;424;31515359;SWR Big Band;Out of the Night;no hook;https://onair.swr.de/covers/swr/swrhfdb1.KONF.53661152?stationid=28469
2025-05-18 21:25:48;183;31515371;SWR Big Band & Hlulani Hlangwani;Life is going on;no hook;https://onair.swr.de/covers/swr/swrhfdb1.KONF.15593872?stationid=28469
2025-05-18 21:29:00;287;31515378;Bernd Rabe;The rabbit jumps;no hook;no cover
2025-05-18 21:33:04;272;31515389;SWR Big Band & Magnus Lindgren;Stockholm Underground;https://hooksswr-a.akamaihd.net/99006/M0673941.011.m.mp3;no cover
2025-05-18 21:37:36;244;31515391;SWR Big Band & Curtis Stigers;I'll be your baby tonight;https://hooks.swr.de/99006/M0497302.001.mp3;no cover
2025-05-18 21:42:22;254;31515406;SWR Big Band & Curtis Stigers;Our love is here to stay;no hook;no cover
2025-05-18 21:46:36;450;31515409;SWR Big Band & Curtis Stigers;Swinging down at 10th and Main Street;https://hooks.swr.de/99006/2241651.mp3;no cover
2025-05-18 21:54:19;161;31515427;Erwin Lehn und sein Südfunk-Tanzorchester;Java - Foxtrott bearbeitet für Tanzorchester;https://hooks.swr.de/99006/2241654.mp3;no cover
2025-05-18 21:57:21;292;31515435;SWR Big Band;Clearwater Mountain;https://hooksswr-a.akamaihd.net/99006/M0498462.010.m.mp3;no cover
2025-05-18 22:03:40;155;31515446;Erwin Lehn und sein Südfunk-Tanzorchester;Rat race;https://hooksswr-a.akamaihd.net/99006/M0455974.018.m.mp3;no cover
2025-05-18 22:06:27;345;31515454;Magnus Lindgren, John Beasley & SWR Big Band;Scrapple from the apple / Ah Leu Cha;https://hooksswr-a.akamaihd.net/99006/M0677781.003.m.mp3;https://onair.swr.de/covers/swr/swrhfdb1.KONF.48318786?stationid=28469
2025-05-18 22:12:34;244;31515467;SWR Big Band & Strings feat. Sinne Eeg, Isabella Lundgren & Silje Nergaard;Let the good times roll;https://hooks.swr.de/99006/2241656.mp3;no cover
2025-05-18 22:16:49;188;31515474;Ack van Rooyen & Erwin Lehn und sein Südfunk-Tanzorchester;Green Dolphin-Street;https://hooks.swr.de/99006/2241658.mp3;no cover
2025-05-18 22:19:57;279;31515477;SWR Big Band & Rolf Stahlhofen;Moondance;https://hooks.swr.de/99006/M0302296.009.mp3;https://onair.swr.de/covers/swr/swrhfdb1.KONF.30499901?stationid=28469
2025-05-18 22:24:52;441;31515487;Ed Partyka & SWR Big Band;Lou;https://hooksswr-a.akamaihd.net/99006/2132639.m.mp3;no cover
2025-05-18 22:32:48;412;31515504;SWR Big Band feat. Hugo Candelario & Kristin Amparo;Te vengo a cantar;https://hooksswr-a.akamaihd.net/99006/M0591602.005.m.mp3;no cover
2025-05-18 22:40:01;162;31515514;Al Percino, Trompete) & Erwin Lehn und sein Südfunk-Tanzorchesteer;Jubilee;https://hooksswr-a.akamaihd.net/99006/M0614847.001.m.mp3;no cover
2025-05-18 22:43:11;401;31515522;Südfunk-Tanzorchester, Tony Scott, Erwin Lehn, Al Porcino & Bobby Burgess;All the things you are;https://hooksswr-a.akamaihd.net/99006/M0331611.001.m.mp3;no cover
2025-05-18 22:49:52;196;31515525;Max sen. Greger;In a sentimental mood;no hook;https://onair.swr.de/covers/swr/swrhfdb1.KONF.4615541?stationid=28469
2025-05-18 22:53:19;176;31515539;Bibi Johns & Erwin Lehn und sein Südfunk-Tanzorchester;A lifetime of love;https://hooks.swr.de/99006/2241664.mp3;no cover
2025-05-18 22:56:15;260;31515542;SWR Big Band;The cat;https://hooks.swr.de/99006/M0338415.013.mp3;no cover
2025-05-18 23:04:22;195;31515566;Traveling Wilburys;Handle with care;no hook;https://onair.swr.de/covers/swr/fallback?stationid=28469
2025-05-18 23:07:40;228;31515571;2raumwohnung;36 Grad;no hook;https://onair.swr.de/covers/swr/fallback?stationid=28469
2025-05-18 23:11:26;174;31515577;Vanity Fare;Hitchin' a ride;no hook;https://onair.swr.de/covers/swr/fallback?stationid=28469
2025-05-18 23:14:25;258;31515578;Chris DeBurgh;Sailing away;no hook;https://onair.swr.de/covers/swr/fallback?stationid=28469
2025-05-18 23:18:53;286;31515588;"Eros Ramazzotti; Tina Turner";Cose della vita - Can't stop thinking of you;no hook;https://onair.swr.de/covers/swr/fallback?stationid=28469
2025-05-18 23:23:31;213;31515592;Steve Miller Band;The joker;no hook;https://onair.swr.de/covers/swr/fallback?stationid=28469
2025-05-18 23:26:50;219;31515596;Depeche Mode;Just can't get enough;no hook;https://onair.swr.de/covers/swr/fallback?stationid=28469
2025-05-18 23:32:02;217;31515603;Howard Jones;What is love;no hook;https://onair.swr.de/covers/swr/fallback?stationid=28469
2025-05-18 23:35:44;158;31515608;The Equals;Baby come back;no hook;https://onair.swr.de/covers/swr/fallback?stationid=28469
2025-05-18 23:38:24;260;31515611;PUR;Sie sieht die Sonne;no hook;https://onair.swr.de/covers/swr/fallback?stationid=28469
2025-05-18 23:42:46;294;31515618;Boris Gardiner;I want to wake up with you;no hook;https://onair.swr.de/covers/swr/fallback?stationid=28469
2025-05-18 23:46:45;249;31515624;Abba;Super trouper;no hook;https://onair.swr.de/covers/swr/fallback?stationid=28469
2025-05-18 23:50:54;156;31515631;Gallery;It's so nice to be with you;no hook;https://onair.swr.de/covers/swr/fallback?stationid=28469
2025-05-18 23:53:44;197;31515636;Michael Bublé;It's a beautiful day;no hook;https://onair.swr.de/covers/swr/fallback?stationid=28469
2025-05-18 23:56:59;235;31515638;The Carpenters;Yesterday once more;no hook;https://onair.swr.de/covers/swr/fallback?stationid=28469
