time;duration;id;artist;title;hook;cover
2025-03-10 00:03:34;169;31221003;Lynn Anderson;Rose garden;no hook;https://onair.swr.de/covers/swr/fallback?stationid=28469
2025-03-10 00:06:19;183;31221008;Milli Vanilli;Girl you know it's true;no hook;https://onair.swr.de/covers/swr/fallback?stationid=28469
2025-03-10 00:10:31;162;31221012;Donna Lewis;I love you always forever;no hook;https://onair.swr.de/covers/swr/fallback?stationid=28469
2025-03-10 00:13:15;206;31221016;Mark Forster;Chöre;no hook;https://onair.swr.de/covers/swr/fallback?stationid=28469
2025-03-10 00:18:02;243;31221022;Rod Stewart;This old heart of mine;no hook;https://onair.swr.de/covers/swr/fallback?stationid=28469
2025-03-10 00:22:00;195;31221024;Kim Wilde;Kids in America;no hook;https://onair.swr.de/covers/swr/fallback?stationid=28469
2025-03-10 00:25:10;167;31221028;Elvis Presley;Suspicious minds;no hook;https://onair.swr.de/covers/swr/fallback?stationid=28469
2025-03-10 00:28:08;261;31221033;Stevie Wonder;I just called to say I love you;no hook;https://onair.swr.de/covers/swr/fallback?stationid=28469
2025-03-10 00:32:08;213;31221038;Bruce Hornsby;The way it is;no hook;https://onair.swr.de/covers/swr/fallback?stationid=28469
2025-03-10 00:35:37;224;31221042;The Rolling Stones;Angry;no hook;https://onair.swr.de/covers/swr/fallback?stationid=28469
2025-03-10 00:42:35;193;31221049;Smokie;I'll meet you at midnight;no hook;https://onair.swr.de/covers/swr/fallback?stationid=28469
2025-03-10 00:45:57;206;31221053;Jennifer Rush;Destiny;no hook;https://onair.swr.de/covers/swr/fallback?stationid=28469
2025-03-10 00:49:08;225;31221056;Peter Maffay;Gib die Liebe nicht auf;no hook;https://onair.swr.de/covers/swr/fallback?stationid=28469
2025-03-10 00:54:24;189;31221062;Creedence Clearwater Revival;Lodi;no hook;https://onair.swr.de/covers/swr/fallback?stationid=28469
2025-03-10 00:57:11;194;31221065;a-ha;The sun always shines on T.V.;no hook;https://onair.swr.de/covers/swr/fallback?stationid=28469
2025-03-10 01:03:31;151;31221070;Shakin' Stevens;Oh Julie;no hook;https://onair.swr.de/covers/swr/fallback?stationid=28469
2025-03-10 01:05:57;180;31221074;T. Rex;Hot love;no hook;https://onair.swr.de/covers/swr/fallback?stationid=28469
2025-03-10 01:09:58;174;31221078;Michael Schulte;You let me walk alone;no hook;https://onair.swr.de/covers/swr/fallback?stationid=28469
2025-03-10 01:12:52;210;31221083;Electric Light Orchestra;Confusion;no hook;https://onair.swr.de/covers/swr/fallback?stationid=28469
2025-03-10 01:17:23;197;31221089;Eurythmics;Here comes the rain again;no hook;https://onair.swr.de/covers/swr/fallback?stationid=28469
2025-03-10 01:20:36;171;31221094;Tommy James & The Shondells;Crimson and Clover;no hook;https://onair.swr.de/covers/swr/fallback?stationid=28469
2025-03-10 01:24:03;208;31221097;Frida Gold;Wovon sollen wir träumen;no hook;https://onair.swr.de/covers/swr/fallback?stationid=28469
2025-03-10 01:27:42;283;31221101;Bruce Springsteen;The river;no hook;https://onair.swr.de/covers/swr/fallback?stationid=28469
2025-03-10 01:32:25;166;31221105;Tom Jones;She's a lady;no hook;https://onair.swr.de/covers/swr/fallback?stationid=28469
2025-03-10 01:34:56;253;31221109;The Corrs;Radio (live MTV Unplugged 1999);no hook;https://onair.swr.de/covers/swr/fallback?stationid=28469
2025-03-10 01:39:02;206;31221111;Maxi Priest;Wild world;no hook;https://onair.swr.de/covers/swr/fallback?stationid=28469
2025-03-10 01:43:43;193;31221117;Heinz Rudolf Kunze;Dein ist mein ganzes Herz;no hook;https://onair.swr.de/covers/swr/fallback?stationid=28469
2025-03-10 01:47:00;247;31221121;Supertramp;Give a little bit;no hook;https://onair.swr.de/covers/swr/fallback?stationid=28469
2025-03-10 01:51:19;232;31221125;Kool & The Gang;Joanna;no hook;https://onair.swr.de/covers/swr/fallback?stationid=28469
2025-03-10 01:55:05;183;31221131;The Bee Gees;I've gotta get a message to you;no hook;https://onair.swr.de/covers/swr/fallback?stationid=28469
2025-03-10 01:56:46;227;31221136;Bangles;If she knew what she wants;no hook;https://onair.swr.de/covers/swr/fallback?stationid=28469
2025-03-10 02:03:29;217;31221141;Eddy Grant;I don't wanna dance;no hook;https://onair.swr.de/covers/swr/fallback?stationid=28469
2025-03-10 02:07:01;197;31221147;Tim Bendzko;Programmiert;no hook;https://onair.swr.de/covers/swr/fallback?stationid=28469
2025-03-10 02:10:18;174;31221151;Steam;Na na hey hey kiss him goodbye;no hook;https://onair.swr.de/covers/swr/fallback?stationid=28469
2025-03-10 02:13:07;218;31221153;Chris DeBurgh;Lady in red;no hook;https://onair.swr.de/covers/swr/fallback?stationid=28469
2025-03-10 02:16:46;204;31221156;Pink Floyd;Another brick in the wall (Part 2);no hook;https://onair.swr.de/covers/swr/fallback?stationid=28469
2025-03-10 02:20:07;164;31221163;Cher;The shoop shoop song (it's in his kiss);no hook;https://onair.swr.de/covers/swr/fallback?stationid=28469
2025-03-10 02:22:37;202;31221165;Lobo;I'd love you to want me;no hook;https://onair.swr.de/covers/swr/fallback?stationid=28469
2025-03-10 02:25:59;221;31221168;Tina Turner;Private dancer;no hook;https://onair.swr.de/covers/swr/fallback?stationid=28469
2025-03-10 02:29:57;262;31221174;Foreigner;Urgent;no hook;https://onair.swr.de/covers/swr/fallback?stationid=28469
2025-03-10 02:34:13;168;31221178;The Supremes;Stop, in the name of love;no hook;https://onair.swr.de/covers/swr/fallback?stationid=28469
2025-03-10 02:36:57;197;31221183;Marius Müller-Westernhagen;Wieder hier;no hook;https://onair.swr.de/covers/swr/fallback?stationid=28469
2025-03-10 02:40:17;213;31221185;Marillion;Kayleigh;no hook;https://onair.swr.de/covers/swr/fallback?stationid=28469
2025-03-10 02:43:44;229;31221193;Suzi Quatro;If you can't give me love;no hook;https://onair.swr.de/covers/swr/fallback?stationid=28469
2025-03-10 02:47:30;171;31221196;Sam Smith;Stay with me;no hook;https://onair.swr.de/covers/swr/fallback?stationid=28469
2025-03-10 02:51:00;231;31221198;Fleetwood Mac;Gypsy;no hook;https://onair.swr.de/covers/swr/fallback?stationid=28469
2025-03-10 02:54:46;183;31221206;Glen Campbell;Rhinestone Cowboy;no hook;https://onair.swr.de/covers/swr/fallback?stationid=28469
2025-03-10 02:57:14;206;31221210;Gordon Lightfoot;Sundown;no hook;https://onair.swr.de/covers/swr/fallback?stationid=28469
2025-03-10 03:03:33;183;31221217;Cat Stevens;Lady d'Arbanville;no hook;https://onair.swr.de/covers/swr/fallback?stationid=28469
2025-03-10 03:06:32;206;31221223;The Human League;Human;no hook;https://onair.swr.de/covers/swr/fallback?stationid=28469
2025-03-10 03:09:52;252;31221224;Ten Sharp;You;no hook;https://onair.swr.de/covers/swr/fallback?stationid=28469
2025-03-10 03:14:10;207;31221229;Anna R.;Die Astronautin;no hook;https://onair.swr.de/covers/swr/fallback?stationid=28469
2025-03-10 03:17:34;163;31221233;The Hollies;Long cool woman (in a black dress);no hook;https://onair.swr.de/covers/swr/fallback?stationid=28469
2025-03-10 03:20:20;255;31221237;Boston;Amanda;no hook;https://onair.swr.de/covers/swr/fallback?stationid=28469
2025-03-10 03:24:27;182;31221240;Petula Clark;Downtown;no hook;https://onair.swr.de/covers/swr/fallback?stationid=28469
2025-03-10 03:27:17;193;31221244;Tony Carey;Room with a view;no hook;https://onair.swr.de/covers/swr/fallback?stationid=28469
2025-03-10 03:31:08;167;31221247;Cutting Crew;(I just) died in your arms;no hook;https://onair.swr.de/covers/swr/fallback?stationid=28469
2025-03-10 03:34:20;215;31221252;Dido;White flag;no hook;https://onair.swr.de/covers/swr/fallback?stationid=28469
2025-03-10 03:37:54;143;31221256;Middle Of The Road;Soley soley;no hook;https://onair.swr.de/covers/swr/fallback?stationid=28469
2025-03-10 03:40:15;273;31221260;Feargal Sharkey;A good heart;no hook;https://onair.swr.de/covers/swr/fallback?stationid=28469
2025-03-10 03:45:33;229;31221268;Peter Schilling;Major Tom;no hook;https://onair.swr.de/covers/swr/fallback?stationid=28469
2025-03-10 03:49:24;186;31221271;The Tremeloes;Silence is golden;no hook;https://onair.swr.de/covers/swr/fallback?stationid=28469
2025-03-10 03:52:28;206;31221276;Opus;Live is life;no hook;https://onair.swr.de/covers/swr/fallback?stationid=28469
2025-03-10 03:55:53;253;31221281;The Eagles;Lyin' eyes;no hook;https://onair.swr.de/covers/swr/fallback?stationid=28469
2025-03-10 04:03:36;198;31221293;Dire Straits;Walk of life;no hook;https://onair.swr.de/covers/swr/fallback?stationid=28469
2025-03-10 04:06:50;170;31221300;Ocean;Put your hand in the hand;no hook;https://onair.swr.de/covers/swr/fallback?stationid=28469
2025-03-10 04:09:36;227;31221303;Gareth Gates;Anyone of us (Stupid mistake);no hook;https://onair.swr.de/covers/swr/fallback?stationid=28469
2025-03-10 04:13:21;201;31221308;Neil Diamond;Sweet Caroline;no hook;https://onair.swr.de/covers/swr/fallback?stationid=28469
2025-03-10 04:16:49;187;31221312;Mike Oldfield & Roger Chapman;Shadow on the wall;no hook;https://onair.swr.de/covers/swr/fallback?stationid=28469
2025-03-10 04:19:50;152;31221314;Jackie DeShannon;Put a little love in your heart;no hook;https://onair.swr.de/covers/swr/fallback?stationid=28469
2025-03-10 04:22:24;236;31221318;Andreas Bourani;Auf uns;no hook;https://onair.swr.de/covers/swr/fallback?stationid=28469
2025-03-10 04:26:24;248;31221322;ABBA;The winner takes it all;no hook;https://onair.swr.de/covers/swr/fallback?stationid=28469
2025-03-10 04:31:08;166;31221328;Dr. Hook;When you're in love with a beautiful woman;no hook;https://onair.swr.de/covers/swr/fallback?stationid=28469
2025-03-10 04:33:49;223;31221341;Crash Test Dummies;Mmm Mmm Mmm Mmm;no hook;https://onair.swr.de/covers/swr/fallback?stationid=28469
2025-03-10 04:37:36;209;31221349;Rick Astley;Never gonna give you up;no hook;https://onair.swr.de/covers/swr/fallback?stationid=28469
2025-03-10 04:41:07;224;31221352;PUR;Ich lieb dich (egal wie das klingt);no hook;https://onair.swr.de/covers/swr/fallback?stationid=28469
2025-03-10 04:44:48;217;31221355;Carpenters;Only yesterday;no hook;https://onair.swr.de/covers/swr/fallback?stationid=28469
2025-03-10 04:48:20;229;31221360;Joe Cocker & Jennifer Warnes;Up where we belong;no hook;https://onair.swr.de/covers/swr/fallback?stationid=28469
2025-03-10 04:52:47;169;31221368;Cliff Richard;I Could Easily Fall (in love with you);no hook;https://onair.swr.de/covers/swr/fallback?stationid=28469
2025-03-10 04:56:21;226;31221371;The Pretenders;Don't get me wrong;no hook;https://onair.swr.de/covers/swr/fallback?stationid=28469
2025-03-10 05:04:06;220;31221392;Billy Joel;Tell her about it;no hook;https://onair.swr.de/covers/swr/fallback?stationid=28469
2025-03-10 05:07:39;213;31221403;Ich + Ich;So soll es bleiben;no hook;https://onair.swr.de/covers/swr/fallback?stationid=28469
2025-03-10 05:11:07;112;31221410;The Box Tops;The letter;no hook;https://onair.swr.de/covers/swr/fallback?stationid=28469
2025-03-10 05:12:58;221;31221418;Talk Talk;It's my life;no hook;https://onair.swr.de/covers/swr/fallback?stationid=28469
2025-03-10 05:16:34;155;31221424;Gilbert O'Sullivan;Get down;no hook;https://onair.swr.de/covers/swr/fallback?stationid=28469
2025-03-10 05:19:09;262;31221434;The Connells;'74 - '75;no hook;https://onair.swr.de/covers/swr/fallback?stationid=28469
2025-03-10 05:23:26;197;31221452;The Real Thing;You to me are everything;no hook;https://onair.swr.de/covers/swr/fallback?stationid=28469
2025-03-10 05:26:39;232;31221461;Phil Carmen;On my way in L.A.;no hook;https://onair.swr.de/covers/swr/fallback?stationid=28469
2025-03-10 05:31:03;204;31221465;Bananarama;Robert de Niro's waiting;no hook;https://onair.swr.de/covers/swr/fallback?stationid=28469
2025-03-10 05:34:21;156;31221478;Buffalo Springfield;For what it's worth (stop, hey, what's that sound);no hook;https://onair.swr.de/covers/swr/fallback?stationid=28469
2025-03-10 05:36:59;259;31221486;Münchener Freiheit;Es gibt kein nächstes Mal;no hook;https://onair.swr.de/covers/swr/fallback?stationid=28469
2025-03-10 05:41:15;200;31221504;Mink DeVille;Each word's a beat of my heart;no hook;https://onair.swr.de/covers/swr/fallback?stationid=28469
2025-03-10 05:44:29;200;31221509;Billie Jo Spears;Sing me an old fashioned song;no hook;https://onair.swr.de/covers/swr/fallback?stationid=28469
2025-03-10 05:47:47;214;31221515;Juanes;La camisa negra;no hook;https://onair.swr.de/covers/swr/fallback?stationid=28469
2025-03-10 05:51:22;291;31221524;Michael Jackson;Billie Jean;no hook;https://onair.swr.de/covers/swr/fallback?stationid=28469
2025-03-10 05:57:05;180;31221543;John Lennon;Imagine;no hook;https://onair.swr.de/covers/swr/fallback?stationid=28469
2025-03-10 06:05:32;203;31221566;Smokie;Living next door to Alice;https://hooksswr-a.akamaihd.net/99006/M0372431.037.m.mp3;https://onair.swr.de/covers/swr/swrhfdb1.KONF.44037614?stationid=28469
2025-03-10 06:08:57;151;31221568;Bobby Vee;Take good care of my baby;https://hooksswr-a.akamaihd.net/99006/M0416938.010.m.mp3;https://onair.swr.de/covers/swr/swrhfdb1.KONF.44914754?stationid=28469
2025-03-10 06:13:31;178;31221602;The Sweet;Poppa Joe;https://hooksswr-a.akamaihd.net/99006/2014796.mp3;https://onair.swr.de/covers/swr/swrhfdb1.KONF.4514690?stationid=28469
2025-03-10 06:16:29;260;31221603;Heinz Rudolf Kunze;Mit Leib und Seele;https://hooksswr-a.akamaihd.net/99006/1986045.m.mp3;https://onair.swr.de/covers/swr/swrhfdb1.KONF.41030523?stationid=28469
2025-03-10 06:22:11;191;31221644;Marvin Gaye;I heard it through the grapevine;https://hooksswr-a.akamaihd.net/99006/2158207.m.mp3;https://onair.swr.de/covers/swr/swrhfdb1.KONF.6541636?stationid=28469
2025-03-10 06:25:08;297;31221646;Dire Straits;Sultans of Swing;no hook;https://onair.swr.de/covers/swr/swrhfdb1.KONF.3444231?stationid=28469
2025-03-10 06:30:06;224;31221657;Pussycat;Smile;https://hooksswr-a.akamaihd.net/99006/M0374264.009.m.mp3;https://onair.swr.de/covers/swr/swrhfdb1.KONF.44058896?stationid=28469
2025-03-10 06:34:08;158;31221686;Supertramp;Breakfast in America;https://hooksswr-a.akamaihd.net/99006/2141768.m.mp3;https://onair.swr.de/covers/swr/swrhfdb1.KONF.4880447?stationid=28469
2025-03-10 06:36:42;232;31221689;Roxy Music;More than this;https://hooksswr-a.akamaihd.net/99006/M0018370.017.m.mp3;https://onair.swr.de/covers/swr/swrhfdb1.KONF.4861515?stationid=28469
2025-03-10 06:42:17;108;31221701;Eddie Cochran;Summertime Blues;https://hooksswr-a.akamaihd.net/99006/M0016501.004.mp3;https://onair.swr.de/covers/swr/swrhfdb1.KONF.4588039?stationid=28469
2025-03-10 06:44:08;213;31221729;Roland Kaiser;Manchmal möchte ich schon mit dir;https://hooksswr-a.akamaihd.net/99006/M0005410.002.m.mp3;https://onair.swr.de/covers/swr/swrhfdb1.KONF.4136999?stationid=28469
2025-03-10 06:47:41;173;31221739;The Three Degrees;When will I see you again;https://hooksswr-a.akamaihd.net/99006/M0024572.023.m.mp3;https://onair.swr.de/covers/swr/swrhfdb1.KONF.5392174?stationid=28469
2025-03-10 06:50:23;146;31221753;Bay City Rollers;Bye bye baby;https://hooksswr-a.akamaihd.net/99006/1986710.m.mp3;https://onair.swr.de/covers/swr/swrhfdb1.KONF.6561116?stationid=28469
2025-03-10 06:52:49;166;31221772;Middle Of The Road;Sacramento (a wonderful town);https://hooksswr-a.akamaihd.net/99006/M0039930.030.m.mp3;https://onair.swr.de/covers/swr/swrhfdb1.KONF.6533640?stationid=28469
2025-03-10 06:55:33;148;31221785;Sam Cooke;Another Saturday night;https://hooksswr-a.akamaihd.net/99006/M0043853.024.m.mp3;https://onair.swr.de/covers/swr/swrhfdb1.KONF.6976881?stationid=28469
2025-03-10 07:06:37;247;31221853;Christopher Cross;Ride like the wind;https://hooksswr-a.akamaihd.net/99006/2144593.m.mp3;https://onair.swr.de/covers/swr/swrhfdb1.KONF.5359217?stationid=28469
2025-03-10 07:10:45;147;31221854;The Lovin' Spoonful;Summer in the city;https://hooksswr-a.akamaihd.net/99006/M0024462.007.m.mp3;https://onair.swr.de/covers/swr/swrhfdb1.KONF.5370603?stationid=28469
2025-03-10 07:16:01;224;31221892;The Carpenters;Yesterday once more;https://hooksswr-a.akamaihd.net/99006/M0558716.001.m.mp3;https://onair.swr.de/covers/swr/swrhfdb1.KONF.46588680?stationid=28469
2025-03-10 07:20:04;209;31221909;Bucks Fizz;The land of make believe;https://hooksswr-a.akamaihd.net/99006/M0602012.004.m.mp3;https://onair.swr.de/covers/swr/swrhfdb1.KONF.47327180?stationid=28469
2025-03-10 07:23:57;214;31221936;John Denver;Leaving on a jet plane;https://hooksswr-a.akamaihd.net/99006/M0007693.001.mp3;https://onair.swr.de/covers/swr/swrhfdb1.KONF.4571149?stationid=28469
2025-03-10 07:27:33;154;31221940;Die Prinzen;Millionär;https://hooksswr-a.akamaihd.net/99006/M0043912.014.m.mp3;https://onair.swr.de/covers/swr/swrhfdb1.KONF.6997465?stationid=28469
2025-03-10 07:30:07;247;31221955;Dionne Warwick;Heartbreaker;https://hooksswr-a.akamaihd.net/99006/M0005959.002.mp3;https://onair.swr.de/covers/swr/swrhfdb1.KONF.4554671?stationid=28469
2025-03-10 07:35:14;182;31221984;Climax Blues Band;Couldn't get it right;https://hooksswr-a.akamaihd.net/99006/2181563.m.mp3;https://onair.swr.de/covers/swr/swrhfdb1.KONF.3432722?stationid=28469
2025-03-10 07:38:09;212;31221988;Tina Turner;What's love got to do with it;https://hooksswr-a.akamaihd.net/99006/M0025903.002.m.mp3;https://onair.swr.de/covers/swr/swrhfdb1.KONF.6403468?stationid=28469
2025-03-10 07:43:13;168;31222017;Scott McKenzie;San Francisco (be sure to wear some flowers in your hair);https://hooksswr-a.akamaihd.net/99006/M0023704.009.mp3;https://onair.swr.de/covers/swr/swrhfdb1.KONF.6280911?stationid=28469
2025-03-10 07:46:01;238;31222023;Rainhard Fendrich;Es lebe der Sport;https://hooksswr-a.akamaihd.net/99006/M0023787.001.m.mp3;https://onair.swr.de/covers/swr/swrhfdb1.KONF.6293565?stationid=28469
2025-03-10 07:49:50;159;31222035;Harry Nilsson;Everybody's talkin';https://hooksswr-a.akamaihd.net/99006/M0585662.003.m.mp3;https://onair.swr.de/covers/swr/swrhfdb1.KONF.46994949?stationid=28469
2025-03-10 07:52:16;153;31222050;John Kincade;Dreams are ten a penny;https://hooksswr-a.akamaihd.net/99006/M0377642.015.m.mp3;https://onair.swr.de/covers/swr/swrhfdb1.KONF.44115656?stationid=28469
2025-03-10 07:54:46;166;31222061;Dr. Hook;Better love next time;https://hooksswr-a.akamaihd.net/99006/2013671.m.mp3;https://onair.swr.de/covers/swr/swrhfdb1.KONF.6527358?stationid=28469
2025-03-10 07:57:33;120;31222075;Jewel Akens;The birds and the bees;https://hooksswr-a.akamaihd.net/99006/M0332180.030.m.mp3;no cover
2025-03-10 08:06:44;167;31222112;Albert Hammond;Everything I want to do;https://hooksswr-a.akamaihd.net/99006/1703651.m.mp3;https://onair.swr.de/covers/swr/swrhfdb1.KONF.4306144?stationid=28469
2025-03-10 08:09:32;139;31222113;The Beach Boys;Wouldn't it be nice;https://hooksswr-a.akamaihd.net/99006/2040177.m.mp3;https://onair.swr.de/covers/swr/swrhfdb1.KONF.4725258?stationid=28469
2025-03-10 08:13:28;272;31222134;ABBA;I have a dream;https://hooksswr-a.akamaihd.net/99006/M0001410.011.m.mp3;https://onair.swr.de/covers/swr/swrhfdb1.KONF.3812495?stationid=28469
2025-03-10 08:18:01;195;31222137;Wolfgang Petry;Wahnsinn;https://hooksswr-a.akamaihd.net/99006/M0009266.004.m.mp3;https://onair.swr.de/covers/swr/swrhfdb1.KONF.5104870?stationid=28469
2025-03-10 08:22:54;179;31222180;The McCoys;Hang on Sloopy;https://hooksswr-a.akamaihd.net/99006/M0417954.009.m.mp3;https://onair.swr.de/covers/swr/swrhfdb1.KONF.44927674?stationid=28469
2025-03-10 08:25:44;183;31222182;Styx;Boat on the river;https://hooksswr-a.akamaihd.net/99006/M0024383.009.mp3;https://onair.swr.de/covers/swr/swrhfdb1.KONF.5358394?stationid=28469
2025-03-10 08:28:47;177;31222193;The Rubettes;Juke box Jive;https://hooksswr-a.akamaihd.net/99006/M0024572.006.m.mp3;https://onair.swr.de/covers/swr/swrhfdb1.KONF.5392157?stationid=28469
2025-03-10 08:35:04;183;31222227;The Bellamy Brothers;Let your love flow;https://hooksswr-a.akamaihd.net/99006/1985722.m.mp3;https://onair.swr.de/covers/swr/swrhfdb1.KONF.5042461?stationid=28469
2025-03-10 08:38:11;200;31222229;Hall & Oates;Maneater;https://hooksswr-a.akamaihd.net/99006/M0354102.001.mp3;no cover
2025-03-10 08:43:13;186;31222239;The Tremeloes;Silence is golden;https://hooksswr-a.akamaihd.net/99006/M0041071.010.mp3;https://onair.swr.de/covers/swr/swrhfdb1.KONF.6587920?stationid=28469
2025-03-10 08:46:19;231;31222259;Herbert Grönemeyer;Männer;https://hooksswr-a.akamaihd.net/99006/M0006151.002.m.mp3;https://onair.swr.de/covers/swr/swrhfdb1.KONF.4598770?stationid=28469
2025-03-10 08:50:22;122;31222277;The Crystals;Da Doo Ron Ron;https://hooksswr-a.akamaihd.net/99006/1987266.m.mp3;no cover
2025-03-10 08:52:27;230;31222294;The Alan Parsons Project;Don't answer me;https://hooksswr-a.akamaihd.net/99006/M0007204.005.m.mp3;https://onair.swr.de/covers/swr/swrhfdb1.KONF.4589884?stationid=28469
2025-03-10 08:56:08;134;31222301;Bobby Fuller Four;I fought the law;https://hooksswr-a.akamaihd.net/99006/2167046.mp3;https://onair.swr.de/covers/swr/swrhfdb1.KONF.47825428?stationid=28469
2025-03-10 08:58:22;187;31222321;Robert Palmer;Every kinda people;https://hooksswr-a.akamaihd.net/99006/2182166.mp3;https://onair.swr.de/covers/swr/swrhfdb1.KONF.5370432?stationid=28469
2025-03-10 09:06:38;157;31222362;Christie;Yellow river;https://hooksswr-a.akamaihd.net/99006/M0023704.020.m.mp3;https://onair.swr.de/covers/swr/swrhfdb1.KONF.6280922?stationid=28469
2025-03-10 09:09:17;137;31222363;Little Eva;The loco-motion;https://hooksswr-a.akamaihd.net/99006/M0075114.014.m.mp3;no cover
2025-03-10 09:14:49;203;31222386;Traveling Wilburys;End of the line;https://hooksswr-a.akamaihd.net/99006/M0041070.010.m.mp3;https://onair.swr.de/covers/swr/swrhfdb1.KONF.6587909?stationid=28469
2025-03-10 09:18:12;196;31222394;Purple Schulz;Du hast mir gerade noch gefehlt;https://hooksswr-a.akamaihd.net/99006/M0390449.006.m.mp3;https://onair.swr.de/covers/swr/swrhfdb1.KONF.44507794?stationid=28469
2025-03-10 09:22:09;144;31222420;The Searchers;Sweets for my sweet;https://hooksswr-a.akamaihd.net/99006/M0016506.011.m.mp3;https://onair.swr.de/covers/swr/swrhfdb1.KONF.4588213?stationid=28469
2025-03-10 09:24:33;156;31222422;Shakin' Stevens;You drive me crazy;https://hooksswr-a.akamaihd.net/99006/M0002524.001.m.mp3;https://onair.swr.de/covers/swr/swrhfdb1.KONF.4052012?stationid=28469
2025-03-10 09:27:07;219;31222438;Eric Clapton;Lay down Sally;https://hooksswr-a.akamaihd.net/99006/2031422.m.mp3;https://onair.swr.de/covers/swr/swrhfdb1.KONF.8617442?stationid=28469
2025-03-10 09:30:46;166;31222445;Isley Brothers;This old heart of mine (Is weak for you);https://hooksswr-a.akamaihd.net/99006/2167557.m.mp3;https://onair.swr.de/covers/swr/swrhfdb1.KONF.6591679?stationid=28469
2025-03-10 09:34:17;269;31222465;Billy Joel;Piano man;https://hooksswr-a.akamaihd.net/99006/M0513274.004.mp3;https://onair.swr.de/covers/swr/swrhfdb1.KONF.46018785?stationid=28469
2025-03-10 09:38:46;245;31222467;Dusty Springfield;In private;https://hooksswr-a.akamaihd.net/99006/2108082.mp3;https://onair.swr.de/covers/swr/swrhfdb1.KONF.6787338?stationid=28469
2025-03-10 09:44:23;134;31222510;Neil Sedaka;Oh Carol;https://hooksswr-a.akamaihd.net/99006/M0369523.003.m.mp3;https://onair.swr.de/covers/swr/swrhfdb1.KONF.43955056?stationid=28469
2025-03-10 09:46:36;212;31222512;Hoffmann & Hoffmann;Himbeereis zum Frühstück;https://hooksswr-a.akamaihd.net/99006/M0024543.026.m.mp3;https://onair.swr.de/covers/swr/swrhfdb1.KONF.5391424?stationid=28469
2025-03-10 09:50:15;185;31222526;America;The last unicorn;https://hooksswr-a.akamaihd.net/99006/M0039605.019.m.mp3;https://onair.swr.de/covers/swr/swrhfdb1.KONF.6515979?stationid=28469
2025-03-10 09:53:39;171;31222544;John Fred & His Playboy Band;Judy in disguise (with glasses);https://hooksswr-a.akamaihd.net/99006/2063447.mp3;https://onair.swr.de/covers/swr/swrhfdb1.KONF.5178767?stationid=28469
2025-03-10 09:56:30;257;31222557;Al Stewart;Year of the cat;https://hooksswr-a.akamaihd.net/99006/2024614.m.mp3;https://onair.swr.de/covers/swr/swrhfdb1.KONF.6453503?stationid=28469
2025-03-10 10:00:47;141;31222564;Wilson Pickett;In the midnight hour;https://hooksswr-a.akamaihd.net/99006/2150524.m.mp3;https://onair.swr.de/covers/swr/swrhfdb1.KONF.5359305?stationid=28469
2025-03-10 10:06:07;197;31222604;Jeanette;Porqué te vas;https://hooksswr-a.akamaihd.net/99006/M0275347.012.m.mp3;https://onair.swr.de/covers/swr/swrhfdb1.KONF.22411544?stationid=28469
2025-03-10 10:09:21;137;31222606;Chris Montez;Let's dance;https://hooksswr-a.akamaihd.net/99006/2158524.m.mp3;https://onair.swr.de/covers/swr/swrhfdb1.KONF.51923177?stationid=28469
2025-03-10 10:11:59;181;31222616;Glen Campbell;Rhinestone cowboy;https://hooksswr-a.akamaihd.net/99006/M0009249.001.m.mp3;https://onair.swr.de/covers/swr/swrhfdb1.KONF.5104511?stationid=28469
2025-03-10 10:15:01;140;31222626;Ritchie Valens;Donna;https://hooksswr-a.akamaihd.net/99006/M0249224.007.m.mp3;https://onair.swr.de/covers/swr/swrhfdb1.KONF.15115611?stationid=28469
2025-03-10 10:19:56;181;31222644;Smokie;Don't play your Rock'n'Roll to me;https://hooksswr-a.akamaihd.net/99006/M0117172.001.m.mp3;https://onair.swr.de/covers/swr/swrhfdb1.KONF.9553809?stationid=28469
2025-03-10 10:22:57;177;31222692;Marianne Rosenberg;Er gehört zu mir;https://hooksswr-a.akamaihd.net/99006/M0337939.044.mp3;https://onair.swr.de/covers/swr/swrhfdb1.KONF.40970820?stationid=28469
2025-03-10 10:26:14;138;31222700;The New Seekers;I'd like to teach the world to sing (in perfect harmony);https://hooksswr-a.akamaihd.net/99006/M0364468.001.m.mp3;https://onair.swr.de/covers/swr/swrhfdb1.KONF.43693590?stationid=28469
2025-03-10 10:28:13;138;31222712;Willie Nelson;On the road again;https://hooksswr-a.akamaihd.net/99006/M0040295.002.m.mp3;https://onair.swr.de/covers/swr/swrhfdb1.KONF.6547289?stationid=28469
2025-03-10 10:34:56;200;31222734;Uriah Heep;Free me;https://hooksswr-a.akamaihd.net/99006/1984944.m.mp3;https://onair.swr.de/covers/swr/swrhfdb1.KONF.9734146?stationid=28469
2025-03-10 10:38:06;273;31222736;Fleetwood Mac;Love shines;https://hooksswr-a.akamaihd.net/99006/2105980.mp3;https://onair.swr.de/covers/swr/swrhfdb1.KONF.3460914?stationid=28469
2025-03-10 10:42:38;192;31222745;The Kinks;Waterloo sunset;https://hooksswr-a.akamaihd.net/99006/M0084291.013.m.mp3;https://onair.swr.de/covers/swr/swrhfdb1.KONF.9032463?stationid=28469
2025-03-10 10:48:31;186;31222776;The Fortunes;Freedom come, freedom go;https://hooksswr-a.akamaihd.net/99006/1995232.m.mp3;https://onair.swr.de/covers/swr/swrhfdb1.KONF.5003113?stationid=28469
2025-03-10 10:51:38;224;31222780;Heinz Rudolf Kunze;Aller Herren Länder;https://hooksswr-a.akamaihd.net/99006/1984764.mp3;https://onair.swr.de/covers/swr/swrhfdb1.KONF.41030517?stationid=28469
2025-03-10 10:55:21;221;31222792;Godley & Creme;A little piece of heaven;https://hooksswr-a.akamaihd.net/99006/M0077883.002.m.mp3;https://onair.swr.de/covers/swr/swrhfdb1.KONF.8648480?stationid=28469
2025-03-10 10:59:02;219;31222799;Harry Chapin;Cat's in the cradle;https://hooksswr-a.akamaihd.net/99006/2136380.m.mp3;https://onair.swr.de/covers/swr/swrhfdb1.KONF.43998707?stationid=28469
2025-03-10 11:05:03;177;31222829;Brotherhood of Man;Save your kisses for me;https://hooksswr-a.akamaihd.net/99006/M0024572.021.m.mp3;https://onair.swr.de/covers/swr/swrhfdb1.KONF.5392172?stationid=28469
2025-03-10 11:07:59;159;31222830;Manfred Mann;Fox on the run;https://hooksswr-a.akamaihd.net/99006/M0009954.015.m.mp3;https://onair.swr.de/covers/swr/swrhfdb1.KONF.4980688?stationid=28469
2025-03-10 11:10:36;171;31222839;David Dundas;Another funny honeymoon;https://hooksswr-a.akamaihd.net/99006/M0583212.011.m.mp3;https://onair.swr.de/covers/swr/swrhfdb1.KONF.46959903?stationid=28469
2025-03-10 11:16:28;120;31222862;Elvis Presley;Don't be cruel (to a heart that's true);https://hooksswr-a.akamaihd.net/99006/M0008791.005.m.mp3;https://onair.swr.de/covers/swr/swrhfdb1.KONF.5001773?stationid=28469
2025-03-10 11:18:26;212;31222870;Laith Al-Deen;Bilder von Dir;https://hooksswr-a.akamaihd.net/99006/M0036373.001.mp3;https://onair.swr.de/covers/swr/swrhfdb1.KONF.5165970?stationid=28469
2025-03-10 11:22:14;186;31222880;Chicory Tip;Son of my father;https://hooksswr-a.akamaihd.net/99006/2015059.m.mp3;https://onair.swr.de/covers/swr/swrhfdb1.KONF.5934581?stationid=28469
2025-03-10 11:25:12;139;31222891;Lulu;Boom bang a bang;https://hooksswr-a.akamaihd.net/99006/M0041260.005.m.mp3;https://onair.swr.de/covers/swr/swrhfdb1.KONF.6597217?stationid=28469
2025-03-10 11:27:31;199;31222894;Gordon Lightfoot;Sundown;https://hooksswr-a.akamaihd.net/99006/M0422478.011.m.mp3;https://onair.swr.de/covers/swr/swrhfdb1.KONF.44980098?stationid=28469
2025-03-10 11:35:04;256;31222933;Rupert Holmes;Escape (The Pina Colada song);https://hooksswr-a.akamaihd.net/99006/M0041249.001.mp3;https://onair.swr.de/covers/swr/swrhfdb1.KONF.6597076?stationid=28469
2025-03-10 11:39:18;195;31222935;Mike Oldfield & Maggie Reilly;Moonlight shadow;https://hooksswr-a.akamaihd.net/99006/M0024478.007.m.mp3;https://onair.swr.de/covers/swr/swrhfdb1.KONF.5370928?stationid=28469
2025-03-10 11:42:39;168;31222945;The Foundations;Build me up buttercup;https://hooksswr-a.akamaihd.net/99006/M0363324.007.m.mp3;https://onair.swr.de/covers/swr/swrhfdb1.KONF.43593882?stationid=28469
2025-03-10 11:45:27;249;31222960;Gerry Rafferty;Baker Street;https://hooksswr-a.akamaihd.net/99006/M0020661.013.m.mp3;https://onair.swr.de/covers/swr/swrhfdb1.KONF.5087423?stationid=28469
2025-03-10 11:49:32;221;31222975;Peter Cornelius;Der Kaffee ist fertig;https://hooksswr-a.akamaihd.net/99006/M0043905.009.m.mp3;https://onair.swr.de/covers/swr/swrhfdb1.KONF.6997352?stationid=28469
2025-03-10 11:52:58;141;31222992;Roy Orbison;Only the lonely;https://hooksswr-a.akamaihd.net/99006/1986655.m.mp3;https://onair.swr.de/covers/swr/swrhfdb1.KONF.7283101?stationid=28469
2025-03-10 11:55:20;164;31223002;Dr. Hook;Sexy eyes;https://hooksswr-a.akamaihd.net/99006/M0039903.011.mp3;https://onair.swr.de/covers/swr/swrhfdb1.KONF.6527353?stationid=28469
2025-03-10 11:58:04;233;31223011;The Bellamy Brothers;Satin sheets;https://hooksswr-a.akamaihd.net/99006/M0583188.018.m.mp3;https://onair.swr.de/covers/swr/swrhfdb1.KONF.46959434?stationid=28469
2025-03-10 12:05:56;148;31223031;Sailor;A glass of champagne;https://hooksswr-a.akamaihd.net/99006/M0024468.008.mp3;https://onair.swr.de/covers/swr/swrhfdb1.KONF.5370748?stationid=28469
2025-03-10 12:08:27;147;31223032;Chris Andrews;Yesterday man;https://hooksswr-a.akamaihd.net/99006/M0016521.024.m.mp3;https://onair.swr.de/covers/swr/swrhfdb1.KONF.4588446?stationid=28469
2025-03-10 12:10:54;172;31223038;Yvonne Elliman;If I can't have you;https://hooksswr-a.akamaihd.net/99006/M0024976.005.m.mp3;https://onair.swr.de/covers/swr/swrhfdb1.KONF.5486971?stationid=28469
2025-03-10 12:16:00;177;31223073;Van Morrison;Brown eyed girl;https://hooksswr-a.akamaihd.net/99006/2071246.m.mp3;https://onair.swr.de/covers/swr/swrhfdb1.KONF.27757074?stationid=28469
2025-03-10 12:19:07;233;31223080;Andreas Bourani;Auf uns;https://hooksswr-a.akamaihd.net/99006/M0355962.001.m.mp3;https://onair.swr.de/covers/swr/swrhfdb1.KONF.43074638?stationid=28469
2025-03-10 12:23:32;248;31223108;Commodores;Easy;https://hooksswr-a.akamaihd.net/99006/M0129594.013.m.mp3;https://onair.swr.de/covers/swr/swrhfdb1.KONF.10020464?stationid=28469
2025-03-10 12:27:25;189;31223112;Zager & Evans;In the year 2525 (Exordium and terminus);https://hooksswr-a.akamaihd.net/99006/M0039954.012.m.mp3;https://onair.swr.de/covers/swr/swrhfdb1.KONF.6534272?stationid=28469
2025-03-10 12:30:34;178;31223122;Gloria Gaynor;Never can say goodbye;https://hooksswr-a.akamaihd.net/99006/M0020803.016.m.mp3;https://onair.swr.de/covers/swr/swrhfdb1.KONF.5096943?stationid=28469
2025-03-10 12:35:24;174;31223156;Elton John;I'm still standing;https://hooksswr-a.akamaihd.net/99006/M0007220.022.m.mp3;https://onair.swr.de/covers/swr/swrhfdb1.KONF.4589965?stationid=28469
2025-03-10 12:38:20;244;31223158;Tina Turner;The best;https://hooksswr-a.akamaihd.net/99006/M0000350.001.m.mp3;https://onair.swr.de/covers/swr/swrhfdb1.KONF.3623574?stationid=28469
2025-03-10 12:42:29;214;31223170;The Righteous Brothers;Unchained melody;https://hooksswr-a.akamaihd.net/99006/M0016513.001.m.mp3;https://onair.swr.de/covers/swr/swrhfdb1.KONF.4588316?stationid=28469
2025-03-10 12:46:02;249;31223191;Hot Chocolate;So you win again;https://hooksswr-a.akamaihd.net/99006/M0018374.002.m.mp3;https://onair.swr.de/covers/swr/swrhfdb1.KONF.4861549?stationid=28469
2025-03-10 12:51:30;231;31223205;Udo Jürgens;Paris - einfach so nur zum Spaß;https://hooksswr-a.akamaihd.net/99006/1987105.mp3;https://onair.swr.de/covers/swr/swrhfdb1.KONF.50209551?stationid=28469
2025-03-10 12:55:23;181;31223218;Simon & Garfunkel;The sound of silence;https://hooksswr-a.akamaihd.net/99006/M0023433.003.m.mp3;https://onair.swr.de/covers/swr/swrhfdb1.KONF.6248061?stationid=28469
2025-03-10 12:58:24;196;31223233;Blues Brothers Band & The All Star Blues Band;Everybody needs somebody to love;https://hooksswr-a.akamaihd.net/99006/2181955.m.mp3;https://onair.swr.de/covers/swr/swrhfdb1.KONF.5487080?stationid=28469
2025-03-10 13:07:40;186;31223260;John Denver;Take me home country roads;https://hooksswr-a.akamaihd.net/99006/M0007693.020.m.mp3;https://onair.swr.de/covers/swr/swrhfdb1.KONF.4571168?stationid=28469
2025-03-10 13:10:45;174;31223261;Herman's Hermits;No milk today;https://hooksswr-a.akamaihd.net/99006/M0023715.005.mp3;https://onair.swr.de/covers/swr/swrhfdb1.KONF.6281067?stationid=28469
2025-03-10 13:13:39;237;31223269;The Hollies;The air that I breathe;https://hooksswr-a.akamaihd.net/99006/M0235777.010.m.mp3;https://onair.swr.de/covers/swr/swrhfdb1.KONF.14395413?stationid=28469
2025-03-10 13:19:47;180;31223288;Billy Swan;I can help;https://hooksswr-a.akamaihd.net/99006/M0023742.025.m.mp3;https://onair.swr.de/covers/swr/swrhfdb1.KONF.6287596?stationid=28469
2025-03-10 13:22:40;231;31223301;Roland Kaiser;Joana;https://hooksswr-a.akamaihd.net/99006/M0520168.007.m.mp3;https://onair.swr.de/covers/swr/swrhfdb1.KONF.46120586?stationid=28469
2025-03-10 13:26:50;221;31223305;America;You can do magic;https://hooksswr-a.akamaihd.net/99006/2158404.m.mp3;https://onair.swr.de/covers/swr/swrhfdb1.KONF.21598900?stationid=28469
2025-03-10 13:30:30;131;31223319;The Searchers;Sugar and spice;https://hooksswr-a.akamaihd.net/99006/1985739.m.mp3;https://onair.swr.de/covers/swr/swrhfdb1.KONF.5359088?stationid=28469
2025-03-10 13:35:18;206;31223335;Electric Light Orchestra;Livin' thing;https://hooksswr-a.akamaihd.net/99006/M0056143.006.m.mp3;https://onair.swr.de/covers/swr/swrhfdb1.KONF.9850266?stationid=28469
2025-03-10 13:38:44;285;31223337;Israel Kamakawiwo'ole;Somewhere over the rainbow / What a wonderful world;https://hooksswr-a.akamaihd.net/99006/M0069569.020.mp3;https://onair.swr.de/covers/swr/swrhfdb1.KONF.8013526?stationid=28469
2025-03-10 13:43:37;166;31223347;Tommy Roe;Dizzy;https://hooksswr-a.akamaihd.net/99006/2068478.m.mp3;https://onair.swr.de/covers/swr/swrhfdb1.KONF.4587980?stationid=28469
2025-03-10 13:48:05;241;31223381;Smokie;Lay back in the arms of someone;https://hooksswr-a.akamaihd.net/99006/M0369553.003.m.mp3;https://onair.swr.de/covers/swr/swrhfdb1.KONF.43955518?stationid=28469
2025-03-10 13:52:06;208;31223385;Ich & Ich;Du erinnerst mich an Liebe;https://hooksswr-a.akamaihd.net/99006/2150982.mp3;https://onair.swr.de/covers/swr/swrhfdb1.KONF.5856743?stationid=28469
2025-03-10 13:55:47;173;31223401;Petula Clark;Downtown;https://hooksswr-a.akamaihd.net/99006/M0023699.031.mp3;https://onair.swr.de/covers/swr/swrhfdb1.KONF.6280843?stationid=28469
2025-03-10 13:58:40;161;31223416;Gilbert O'Sullivan;Ooh-wakka-do-wakka-day;https://hooksswr-a.akamaihd.net/99006/M0040297.008.m.mp3;https://onair.swr.de/covers/swr/swrhfdb1.KONF.6547335?stationid=28469
2025-03-10 14:06:19;189;31223441;Neil Diamond;Sweet Caroline (Good times never seemed so good);https://hooksswr-a.akamaihd.net/99006/M0672212.002.m.mp3;https://onair.swr.de/covers/swr/swrhfdb1.KONF.47821869?stationid=28469
2025-03-10 14:09:16;173;31223443;Middle Of The Road;Chirpy chirpy cheep cheep;https://hooksswr-a.akamaihd.net/99006/M0009416.008.m.mp3;https://onair.swr.de/covers/swr/swrhfdb1.KONF.5130424?stationid=28469
2025-03-10 14:11:40;227;31223453;Kate Bush;Wuthering Heights;https://hooksswr-a.akamaihd.net/99006/2144777.mp3;https://onair.swr.de/covers/swr/swrhfdb1.KONF.9622784?stationid=28469
2025-03-10 14:17:26;166;31223478;The Contours;Do you love me (now that I can dance);https://hooksswr-a.akamaihd.net/99006/2157554.m.mp3;https://onair.swr.de/covers/swr/swrhfdb1.KONF.4587929?stationid=28469
2025-03-10 14:20:05;227;31223480;Herbert Grönemeyer;Flugzeuge im Bauch;https://hooksswr-a.akamaihd.net/99006/M0006151.003.mp3;https://onair.swr.de/covers/swr/swrhfdb1.KONF.4598771?stationid=28469
2025-03-10 14:24:46;194;31223509;Dawn;Tie a yellow ribbon round the old oak tree;https://hooksswr-a.akamaihd.net/99006/M0039930.026.m.mp3;https://onair.swr.de/covers/swr/swrhfdb1.KONF.6533636?stationid=28469
2025-03-10 14:28:08;121;31223512;Paul Anka;A steel guitar and a glass of wine;https://hooksswr-a.akamaihd.net/99006/M0046562.005.m.mp3;https://onair.swr.de/covers/swr/swrhfdb1.KONF.7165375?stationid=28469
2025-03-10 14:30:09;275;31223523;Earth, Wind & Fire;Fantasy;https://hooksswr-a.akamaihd.net/99006/M0041145.002.m.mp3;https://onair.swr.de/covers/swr/swrhfdb1.KONF.6591922?stationid=28469
2025-03-10 14:34:52;185;31223539;Captain & Tennille;Love will keep us together;https://hooksswr-a.akamaihd.net/99006/1739324.m.mp3;https://onair.swr.de/covers/swr/swrhfdb1.KONF.45514521?stationid=28469
2025-03-10 14:37:57;252;31223541;Climie Fisher;Love changes (everything);https://hooksswr-a.akamaihd.net/99006/2185266.mp3;https://onair.swr.de/covers/swr/swrhfdb1.KONF.46075188?stationid=28469
2025-03-10 14:42:07;206;31223548;The Kinks;Sunny afternoon;https://hooksswr-a.akamaihd.net/99006/1986299.m.mp3;https://onair.swr.de/covers/swr/swrhfdb1.KONF.14345795?stationid=28469
2025-03-10 14:47:26;193;31223594;John Lennon;Woman;https://hooksswr-a.akamaihd.net/99006/M0018451.006.m.mp3;https://onair.swr.de/covers/swr/swrhfdb1.KONF.4871504?stationid=28469
2025-03-10 14:50:19;196;31223599;Wolfgang Petry;Du bist ein Wunder;https://hooksswr-a.akamaihd.net/99006/M0007754.003.m.mp3;https://onair.swr.de/covers/swr/swrhfdb1.KONF.4581400?stationid=28469
2025-03-10 14:53:03;154;31223609;The Tokens;The lion sleeps tonight (Wimoweh);https://hooksswr-a.akamaihd.net/99006/2024164.m.mp3;https://onair.swr.de/covers/swr/swrhfdb1.KONF.5095263?stationid=28469
2025-03-10 14:55:22;199;31223623;Pointer Sisters;Fire;https://hooksswr-a.akamaihd.net/99006/2144547.m.mp3;https://onair.swr.de/covers/swr/swrhfdb1.KONF.6591613?stationid=28469
2025-03-10 14:58:41;193;31223632;The Cats;One way wind;https://hooksswr-a.akamaihd.net/99006/M0020539.012.mp3;https://onair.swr.de/covers/swr/swrhfdb1.KONF.5003123?stationid=28469
2025-03-10 15:06:08;165;31223659;Showaddywaddy;When;https://hooksswr-a.akamaihd.net/99006/M0024571.012.m.mp3;https://onair.swr.de/covers/swr/swrhfdb1.KONF.5392145?stationid=28469
2025-03-10 15:08:53;188;31223664;The Mamas and the Papas;Dream a little dream of me;https://hooksswr-a.akamaihd.net/99006/M0040007.018.m.mp3;https://onair.swr.de/covers/swr/swrhfdb1.KONF.6537599?stationid=28469
2025-03-10 15:11:59;232;31223667;Christopher Cross;Sailing;https://hooksswr-a.akamaihd.net/99006/1892001.mp3;https://onair.swr.de/covers/swr/swrhfdb1.KONF.4871529?stationid=28469
2025-03-10 15:17:57;144;31223696;Bobby Darin;Dream lover;https://hooksswr-a.akamaihd.net/99006/M0008077.001.m.mp3;https://onair.swr.de/covers/swr/swrhfdb1.KONF.4649554?stationid=28469
2025-03-10 15:20:20;247;31223700;Udo Lindenberg;Ein Herz kann man nicht reparieren;https://hooksswr-a.akamaihd.net/99006/M0369553.012.m.mp3;https://onair.swr.de/covers/swr/swrhfdb1.KONF.43955527?stationid=28469
2025-03-10 15:26:08;270;31223708;Roxy Music;Jealous guy;https://hooksswr-a.akamaihd.net/99006/2141345.mp3;https://onair.swr.de/covers/swr/swrhfdb1.KONF.4861518?stationid=28469
2025-03-10 15:23:59;141;31223715;Marvin Gaye & Tammi Terrell;Ain't no mountain high enough;https://hooksswr-a.akamaihd.net/99006/2166878.mp3;https://onair.swr.de/covers/swr/swrhfdb1.KONF.8846174?stationid=28469
2025-03-10 15:30:38;242;31223729;Supertramp;Give a little bit;https://hooksswr-a.akamaihd.net/99006/2183222.mp3;https://onair.swr.de/covers/swr/swrhfdb1.KONF.26095281?stationid=28469
2025-03-10 15:35:03;137;31223745;Creedence Clearwater Revival;Who'll stop the rain?;https://hooksswr-a.akamaihd.net/99006/M0025088.009.mp3;https://onair.swr.de/covers/swr/swrhfdb1.KONF.5508341?stationid=28469
2025-03-10 15:37:23;284;31223749;Chris Isaak;Wicked game;https://hooksswr-a.akamaihd.net/99006/M0020841.005.m.mp3;https://onair.swr.de/covers/swr/swrhfdb1.KONF.5114384?stationid=28469
2025-03-10 15:42:07;148;31223755;The Four Tops;I can't help myself (sugar pie, honey bunch);https://hooksswr-a.akamaihd.net/99006/2158296.m.mp3;https://onair.swr.de/covers/swr/swrhfdb1.KONF.6597128?stationid=28469
2025-03-10 15:37:23;285;31223768;Chris Isaak;Wicked game;https://hooksswr-a.akamaihd.net/99006/M0020841.005.m.mp3;https://onair.swr.de/covers/swr/swrhfdb1.KONF.5114384?stationid=28469
2025-03-10 15:42:13;148;31223775;The Four Tops;I can't help myself (sugar pie, honey bunch);https://hooksswr-a.akamaihd.net/99006/2158296.m.mp3;https://onair.swr.de/covers/swr/swrhfdb1.KONF.6597128?stationid=28469
2025-03-10 15:47:10;215;31223794;Boys Town Gang;Can't take my eyes off you;https://hooksswr-a.akamaihd.net/99006/M0096415.023.m.mp3;https://onair.swr.de/covers/swr/swrhfdb1.KONF.9343863?stationid=28469
2025-03-10 15:50:46;192;31223801;Klaus Lage & Members;Die Liebe bleibt;https://hooksswr-a.akamaihd.net/99006/M0065883.012.m.mp3;https://onair.swr.de/covers/swr/swrhfdb1.KONF.7871450?stationid=28469
2025-03-10 15:58:12;203;31223811;Peter, Paul & Mary;Leaving on a jet plane;https://hooksswr-a.akamaihd.net/99006/M0007767.002.mp3;https://onair.swr.de/covers/swr/swrhfdb1.KONF.4588600?stationid=28469
2025-03-10 15:53:55;257;31223820;Eric Clapton;I shot the sheriff;https://hooksswr-a.akamaihd.net/99006/2027346.mp3;https://onair.swr.de/covers/swr/swrhfdb1.KONF.6212730?stationid=28469
2025-03-10 15:58:12;185;31223831;The Sweet;Little Willy;https://hooksswr-a.akamaihd.net/99006/2052812.m.mp3;https://onair.swr.de/covers/swr/swrhfdb1.KONF.6591745?stationid=28469
2025-03-10 16:07:17;221;31223870;Albert Hammond;It never rains in Southern California;https://hooksswr-a.akamaihd.net/99006/M0004336.007.m.mp3;https://onair.swr.de/covers/swr/swrhfdb1.KONF.4306143?stationid=28469
2025-03-10 16:10:55;173;31223871;Love Affair;Everlasting love;https://hooksswr-a.akamaihd.net/99006/M0017650.003.m.mp3;https://onair.swr.de/covers/swr/swrhfdb1.KONF.5819122?stationid=28469
2025-03-10 16:13:55;262;31223883;The Alan Parsons Project;Eye in the sky;https://hooksswr-a.akamaihd.net/99006/M0003248.002.m.mp3;https://onair.swr.de/covers/swr/swrhfdb1.KONF.4157148?stationid=28469
2025-03-10 16:18:17;162;31223896;The Hollies;Bus Stop;https://hooksswr-a.akamaihd.net/99006/1985699.m.mp3;https://onair.swr.de/covers/swr/swrhfdb1.KONF.5486639?stationid=28469
2025-03-10 16:21:10;191;31223907;Michy Reincke;Valérie, Valérie;https://hooksswr-a.akamaihd.net/99006/M0473325.001.m.mp3;https://onair.swr.de/covers/swr/swrhfdb1.KONF.45547537?stationid=28469
2025-03-10 16:24:22;189;31223922;Sheena Easton;Morning train (9 to 5);https://hooksswr-a.akamaihd.net/99006/M0018389.001.m.mp3;https://onair.swr.de/covers/swr/swrhfdb1.KONF.4861701?stationid=28469
2025-03-10 16:27:38;148;31223935;Herman's Hermits;I'm into something good;https://hooksswr-a.akamaihd.net/99006/1727780.m.mp3;https://onair.swr.de/covers/swr/swrhfdb1.KONF.47679357?stationid=28469
2025-03-10 16:30:06;224;31223947;Air Supply;Lost in love;https://hooksswr-a.akamaihd.net/99006/M0000291.001.m.mp3;https://onair.swr.de/covers/swr/swrhfdb1.KONF.3623015?stationid=28469
2025-03-10 16:35:54;167;31223970;Oliver Onions;Flying through the air;https://hooksswr-a.akamaihd.net/99006/M0039930.003.m.mp3;https://onair.swr.de/covers/swr/swrhfdb1.KONF.6533613?stationid=28469
2025-03-10 16:38:32;201;31223971;F. R. David;Words;https://hooksswr-a.akamaihd.net/99006/M0351873.031.m.mp3;https://onair.swr.de/covers/swr/swrhfdb1.KONF.42592631?stationid=28469
2025-03-10 16:41:51;210;31223983;The Rubettes;Tonight;https://hooksswr-a.akamaihd.net/99006/M0041086.002.m.mp3;https://onair.swr.de/covers/swr/swrhfdb1.KONF.6588259?stationid=28469
2025-03-10 16:47:51;166;31223992;Lobo;Me and you and a dog named Boo;https://hooksswr-a.akamaihd.net/99006/M0039931.002.m.mp3;https://onair.swr.de/covers/swr/swrhfdb1.KONF.6533651?stationid=28469
2025-03-10 16:51:01;208;31224021;Matthias Reim;Verdammt, ich lieb' dich;https://hooksswr-a.akamaihd.net/99006/M0024561.005.m.mp3;https://onair.swr.de/covers/swr/swrhfdb1.KONF.5391841?stationid=28469
2025-03-10 16:54:28;146;31224037;Dion & The Belmonts;A teenager in love;https://hooksswr-a.akamaihd.net/99006/M0016519.029.m.mp3;https://onair.swr.de/covers/swr/swrhfdb1.KONF.4588387?stationid=28469
2025-03-10 16:56:16;186;31224049;Harry Nilsson;Without you;https://hooksswr-a.akamaihd.net/99006/M0546742.001.mp3;https://onair.swr.de/covers/swr/swrhfdb1.KONF.46232985?stationid=28469
2025-03-10 16:59:22;184;31224056;Herrey's;Diggi Loo / Diggi Ley;https://hooksswr-a.akamaihd.net/99006/M0041260.023.m.mp3;https://onair.swr.de/covers/swr/swrhfdb1.KONF.6597235?stationid=28469
2025-03-10 17:07:35;204;31224087;The Bellamy Brothers;Crossfire;https://hooksswr-a.akamaihd.net/99006/M0298714.002.m.mp3;https://onair.swr.de/covers/swr/swrhfdb1.KONF.29478975?stationid=28469
2025-03-10 17:10:37;176;31224088;Roy Orbison;Oh pretty woman;https://hooksswr-a.akamaihd.net/99006/M0016506.001.m.mp3;https://onair.swr.de/covers/swr/swrhfdb1.KONF.4588203?stationid=28469
2025-03-10 17:13:39;212;31224100;McFadden & Whitehead;Ain't no stoppin' us now;https://hooksswr-a.akamaihd.net/99006/2172346.m.mp3;https://onair.swr.de/covers/swr/swrhfdb1.KONF.46626222?stationid=28469
2025-03-10 17:19:50;158;31224138;Donovan;Jennifer Juniper;https://hooksswr-a.akamaihd.net/99006/M0039902.014.m.mp3;https://onair.swr.de/covers/swr/swrhfdb1.KONF.6527333?stationid=28469
2025-03-10 17:22:28;222;31224144;Ich + Ich;Universum;https://hooksswr-a.akamaihd.net/99006/2151479.mp3;https://onair.swr.de/covers/swr/swrhfdb1.KONF.33442709?stationid=28469
2025-03-10 17:27:04;153;31224168;Smokie;Needles and pins;https://hooksswr-a.akamaihd.net/99006/2052876.mp3;https://onair.swr.de/covers/swr/swrhfdb1.KONF.4648905?stationid=28469
2025-03-10 17:29:37;143;31224171;Solomon Burke;Cry to me;https://hooksswr-a.akamaihd.net/99006/2186314.m.mp3;https://onair.swr.de/covers/swr/swrhfdb1.KONF.27717486?stationid=28469
2025-03-10 17:35:08;252;31224189;Fleetwood Mac;Dreams;https://hooksswr-a.akamaihd.net/99006/2094685.mp3;https://onair.swr.de/covers/swr/swrhfdb1.KONF.47366622?stationid=28469
2025-03-10 17:39:20;197;31224192;Joan Baez;The night they drove old Dixie down;https://hooksswr-a.akamaihd.net/99006/M0312417.001.m.mp3;https://onair.swr.de/covers/swr/swrhfdb1.KONF.33442662?stationid=28469
2025-03-10 17:42:37;201;31224203;Bay City Rollers;"I only want to be with you (I only wanna be with 
you)";https://hooksswr-a.akamaihd.net/99006/2183923.mp3;https://onair.swr.de/covers/swr/swrhfdb1.KONF.47291323?stationid=28469
2025-03-10 17:39:20;196;31224210;Joan Baez;The night they drove old Dixie down;https://hooksswr-a.akamaihd.net/99006/M0312417.001.m.mp3;https://onair.swr.de/covers/swr/swrhfdb1.KONF.33442662?stationid=28469
2025-03-10 17:42:42;196;31224221;Bay City Rollers;"I only want to be with you (I only wanna be with 
you)";https://hooksswr-a.akamaihd.net/99006/2183923.mp3;https://onair.swr.de/covers/swr/swrhfdb1.KONF.47291323?stationid=28469
2025-03-10 17:47:35;341;31224238;Stevie Wonder;Happy birthday;https://hooksswr-a.akamaihd.net/99006/2150205.m.mp3;https://onair.swr.de/covers/swr/swrhfdb1.KONF.4961124?stationid=28469
2025-03-10 17:53:09;142;31224243;The Byrds;Mr. Tambourine Man;https://hooksswr-a.akamaihd.net/99006/M0564952.001.m.mp3;https://onair.swr.de/covers/swr/swrhfdb1.KONF.46685108?stationid=28469
2025-03-10 17:55:37;228;31224273;Nino de Angelo;Jenseits von Eden;https://hooksswr-a.akamaihd.net/99006/M0026263.001.m.mp3;https://onair.swr.de/covers/swr/swrhfdb1.KONF.5500255?stationid=28469
2025-03-10 17:59:25;223;31224282;Gordon Lightfoot;If you could read my mind;https://hooksswr-a.akamaihd.net/99006/M0047826.003.m.mp3;https://onair.swr.de/covers/swr/swrhfdb1.KONF.7159583?stationid=28469
2025-03-10 18:06:57;152;31224312;Dolly Parton;Jolene;https://hooksswr-a.akamaihd.net/99006/M0442663.001.m.mp3;https://onair.swr.de/covers/swr/swrhfdb1.KONF.45184221?stationid=28469
2025-03-10 18:09:31;225;31224313;Them;It's all over now, baby blue;https://hooksswr-a.akamaihd.net/99006/M0024352.034.mp3;https://onair.swr.de/covers/swr/swrhfdb1.KONF.5350786?stationid=28469
2025-03-10 18:13:17;185;31224331;Tony Christie;Is this the way to Amarillo;https://hooksswr-a.akamaihd.net/99006/M0369541.026.mp3;https://onair.swr.de/covers/swr/swrhfdb1.KONF.43955333?stationid=28469
2025-03-10 18:18:35;173;31224347;Ben E. King;Stand by me;https://hooksswr-a.akamaihd.net/99006/M0075861.019.mp3;https://onair.swr.de/covers/swr/swrhfdb1.KONF.8400126?stationid=28469
2025-03-10 18:21:31;188;31224353;Johannes Oerding;An guten Tagen;https://hooksswr-a.akamaihd.net/99006/2172352.mp3;https://onair.swr.de/covers/swr/swrhfdb1.KONF.46682817?stationid=28469
2025-03-10 18:24:41;169;31224362;Neil Diamond;Cracklin' Rosie;https://hooksswr-a.akamaihd.net/99006/1987865.mp3;https://onair.swr.de/covers/swr/swrhfdb1.KONF.47821871?stationid=28469
2025-03-10 18:27:26;121;31224375;The Searchers;Love potion No. 9;https://hooksswr-a.akamaihd.net/99006/M0024468.002.mp3;https://onair.swr.de/covers/swr/swrhfdb1.KONF.5370742?stationid=28469
2025-03-10 18:29:27;151;31224382;Jimmy Cliff;You can get it if you really want;https://hooksswr-a.akamaihd.net/99006/1736978.m.mp3;https://onair.swr.de/covers/swr/swrhfdb1.KONF.5668160?stationid=28469
2025-03-10 18:32:31;261;31224393;Baccara;Yes Sir, I can Boogie;https://hooksswr-a.akamaihd.net/99006/M0247173.002.m.mp3;https://onair.swr.de/covers/swr/swrhfdb1.KONF.14885395?stationid=28469
2025-03-10 18:36:47;275;31224395;Cock Robin;When your heart is weak;https://hooksswr-a.akamaihd.net/99006/M0002514.001.m.mp3;https://onair.swr.de/covers/swr/swrhfdb1.KONF.4051855?stationid=28469
2025-03-10 18:41:24;150;31224410;The Equals;Baby come back;https://hooksswr-a.akamaihd.net/99006/M0024437.001.m.mp3;https://onair.swr.de/covers/swr/swrhfdb1.KONF.5359108?stationid=28469
2025-03-10 18:44:26;155;31224443;Creedence Clearwater Revival;Have you ever seen the rain?;https://hooksswr-a.akamaihd.net/99006/M0041061.018.m.mp3;https://onair.swr.de/covers/swr/swrhfdb1.KONF.6587742?stationid=28469
2025-03-10 18:48:39;235;31224446;Udo Jürgens;Griechischer Wein;https://hooksswr-a.akamaihd.net/99006/M0017886.001.mp3;https://onair.swr.de/covers/swr/swrhfdb1.KONF.4730910?stationid=28469
2025-03-10 18:52:37;155;31224458;Nancy Sinatra;These boots are made for walkin';https://hooksswr-a.akamaihd.net/99006/M0016521.010.m.mp3;https://onair.swr.de/covers/swr/swrhfdb1.KONF.4588432?stationid=28469
2025-03-10 18:54:51;142;31224470;Joe Cocker;You are so beautiful;https://hooksswr-a.akamaihd.net/99006/2136572.m.mp3;https://onair.swr.de/covers/swr/swrhfdb1.KONF.45190171?stationid=28469
2025-03-10 18:57:13;175;31224478;Gilbert O'Sullivan;Clair;https://hooksswr-a.akamaihd.net/99006/M0250915.024.m.mp3;https://onair.swr.de/covers/swr/swrhfdb1.KONF.15274407?stationid=28469
2025-03-10 19:06:25;225;31224508;Manfred Mann's Earth Band;Blinded by the light;https://hooksswr-a.akamaihd.net/99006/M0009954.019.m.mp3;https://onair.swr.de/covers/swr/swrhfdb1.KONF.4980692?stationid=28469
2025-03-10 19:10:10;171;31224509;The Four Tops;Reach out, I'll be there;https://hooksswr-a.akamaihd.net/99006/M0353088.011.m.mp3;https://onair.swr.de/covers/swr/swrhfdb1.KONF.42712551?stationid=28469
2025-03-10 19:13:03;271;31224524;Elton John;Rocket man;https://hooksswr-a.akamaihd.net/99006/2039449.m.mp3;https://onair.swr.de/covers/swr/swrhfdb1.KONF.3460841?stationid=28469
2025-03-10 19:19:14;166;31224569;Tom Jones;Help yourself;https://hooksswr-a.akamaihd.net/99006/M0381609.013.m.mp3;https://onair.swr.de/covers/swr/swrhfdb1.KONF.44207139?stationid=28469
2025-03-10 19:22:00;236;31224572;Klaus Lage Band;Faust auf Faust;https://hooksswr-a.akamaihd.net/99006/1991818.m.mp3;https://onair.swr.de/covers/swr/swrhfdb1.KONF.6287791?stationid=28469
2025-03-10 19:25:59;194;31224602;Harpo;Moviestar;https://hooksswr-a.akamaihd.net/99006/M0025872.001.m.mp3;https://onair.swr.de/covers/swr/swrhfdb1.KONF.6394045?stationid=28469
2025-03-10 19:29:13;147;31224604;Sam & Dave;Hold on, I'm coming;https://hooksswr-a.akamaihd.net/99006/2167116.m.mp3;https://onair.swr.de/covers/swr/swrhfdb1.KONF.43173260?stationid=28469
2025-03-10 19:31:41;227;31224611;Marianne Faithfull;The ballad of Lucy Jordan;https://hooksswr-a.akamaihd.net/99006/1797672.m.mp3;https://onair.swr.de/covers/swr/swrhfdb1.KONF.5391751?stationid=28469
2025-03-10 19:33:08;155;31224622;Queen;Crazy little thing called love;https://hooksswr-a.akamaihd.net/99006/M0005718.005.m.mp3;https://onair.swr.de/covers/swr/swrhfdb1.KONF.4505500?stationid=28469
2025-03-10 19:35:43;184;31224624;Al Bano & Romina Power;Felicità;https://hooksswr-a.akamaihd.net/99006/M0267823.016.mp3;https://onair.swr.de/covers/swr/swrhfdb1.KONF.20778272?stationid=28469
2025-03-10 19:38:48;122;31224647;Fats Domino;I'm walking;https://hooksswr-a.akamaihd.net/99006/M0008946.016.m.mp3;https://onair.swr.de/covers/swr/swrhfdb1.KONF.5042460?stationid=28469
2025-03-10 19:42:03;224;31224658;Bonnie Tyler;Bitterblue;https://hooksswr-a.akamaihd.net/99006/M0406521.012.m.mp3;https://onair.swr.de/covers/swr/swrhfdb1.KONF.44805073?stationid=28469
2025-03-10 19:45:47;217;31224659;Relax;Ein weißes Blatt'l Papier;https://hooksswr-a.akamaihd.net/99006/M0023558.011.m.mp3;https://onair.swr.de/covers/swr/swrhfdb1.KONF.6270572?stationid=28469
2025-03-10 19:48:38;296;31224672;Mary Hopkin;Those were the days;https://hooksswr-a.akamaihd.net/99006/M0041248.001.m.mp3;https://onair.swr.de/covers/swr/swrhfdb1.KONF.6597057?stationid=28469
2025-03-10 19:53:33;212;31224684;Commodores;Three times a lady;https://hooksswr-a.akamaihd.net/99006/2136643.mp3;https://onair.swr.de/covers/swr/swrhfdb1.KONF.6247832?stationid=28469
2025-03-10 19:57:21;190;31224718;Joe Dolce;Shaddap you face;https://hooksswr-a.akamaihd.net/99006/M0351873.030.mp3;no cover
2025-03-10 20:04:31;260;31224738;Blondie;The tide is high;https://hooksswr-a.akamaihd.net/99006/1987536.mp3;https://onair.swr.de/covers/swr/swrhfdb1.KONF.4871562?stationid=28469
2025-03-10 20:08:51;135;31224741;Ohio Express;Yummy yummy;https://hooksswr-a.akamaihd.net/99006/M0024462.018.m.mp3;https://onair.swr.de/covers/swr/swrhfdb1.KONF.5370614?stationid=28469
2025-03-10 20:11:07;229;31224752;Kim Wilde;Cambodia;https://hooksswr-a.akamaihd.net/99006/1727393.mp3;https://onair.swr.de/covers/swr/swrhfdb1.KONF.6787728?stationid=28469
2025-03-10 20:17:43;255;31224780;Bryan Ferry;Don't stop the dance;https://hooksswr-a.akamaihd.net/99006/2208692.mp3;https://onair.swr.de/covers/swr/swrhfdb1.KONF.41150167?stationid=28469
2025-03-10 20:21:58;110;31224781;Gerry and The Pacemakers;How do you do it;https://hooksswr-a.akamaihd.net/99006/M0023715.030.m.mp3;https://onair.swr.de/covers/swr/swrhfdb1.KONF.6281092?stationid=28469
2025-03-10 20:24:28;265;31224794;ABBA;Gimme gimme gimme (a man after midnight);https://hooksswr-a.akamaihd.net/99006/M0001410.018.m.mp3;https://onair.swr.de/covers/swr/swrhfdb1.KONF.3812502?stationid=28469
2025-03-10 20:28:54;243;31224798;Westernhagen;Laß uns leben;https://hooksswr-a.akamaihd.net/99006/M0018248.009.mp3;https://onair.swr.de/covers/swr/swrhfdb1.KONF.4812473?stationid=28469
2025-03-10 20:32:57;169;31224809;Cliff Richard;I could easily fall (in love with you);https://hooksswr-a.akamaihd.net/99006/M0108027.001.m.mp3;https://onair.swr.de/covers/swr/swrhfdb1.KONF.9453908?stationid=28469
2025-03-10 20:34:33;215;31224824;Billy Joel;Tell her about it;https://hooksswr-a.akamaihd.net/99006/2005981.m.mp3;https://onair.swr.de/covers/swr/swrhfdb1.KONF.3460700?stationid=28469
2025-03-10 20:38:13;225;31224825;The Stranglers;Always the sun;https://hooksswr-a.akamaihd.net/99006/1986320.mp3;https://onair.swr.de/covers/swr/swrhfdb1.KONF.46619687?stationid=28469
2025-03-10 20:41:59;159;31224834;Elvis Presley;Kiss me quick;https://hooksswr-a.akamaihd.net/99006/M0008791.026.mp3;https://onair.swr.de/covers/swr/swrhfdb1.KONF.5001794?stationid=28469
2025-03-10 20:45:47;143;31224864;Linda Ronstadt;It's so easy;https://hooksswr-a.akamaihd.net/99006/M0077033.001.m.mp3;https://onair.swr.de/covers/swr/swrhfdb1.KONF.8526038?stationid=28469
2025-03-10 20:48:10;237;31224866;Peter Maffay;Und es war Sommer;https://hooksswr-a.akamaihd.net/99006/M0040487.007.m.mp3;https://onair.swr.de/covers/swr/swrhfdb1.KONF.6556979?stationid=28469
2025-03-10 20:52:11;181;31224885;Sonny & Cher;I got you babe;https://hooksswr-a.akamaihd.net/99006/M0343158.008.m.mp3;https://onair.swr.de/covers/swr/swrhfdb1.KONF.41731313?stationid=28469
2025-03-10 20:55:11;223;31224889;The Cars;Drive;https://hooksswr-a.akamaihd.net/99006/2100405.mp3;https://onair.swr.de/covers/swr/swrhfdb1.KONF.6281017?stationid=28469
2025-03-10 20:57:42;145;31224895;Chris Andrews;Pretty Belinda;https://hooksswr-a.akamaihd.net/99006/M0040536.008.m.mp3;https://onair.swr.de/covers/swr/swrhfdb1.KONF.6557360?stationid=28469
2025-03-10 21:04:19;227;31224922;Peter Kent;It's a real good feeling;https://hooksswr-a.akamaihd.net/99006/M0097641.001.m.mp3;https://onair.swr.de/covers/swr/swrhfdb1.KONF.9262594?stationid=28469
2025-03-10 21:08:06;158;31224924;Johnny Cash & The Tennessee Two;I walk the line;https://hooksswr-a.akamaihd.net/99006/1987406.m.mp3;https://onair.swr.de/covers/swr/swrhfdb1.KONF.4598907?stationid=28469
2025-03-10 21:10:44;202;31224934;Jennifer Rush;Destiny;https://hooksswr-a.akamaihd.net/99006/M0023581.001.m.mp3;https://onair.swr.de/covers/swr/swrhfdb1.KONF.6270875?stationid=28469
2025-03-10 21:14:18;269;31224940;Rod Stewart;Sailing;https://hooksswr-a.akamaihd.net/99006/M0028256.010.mp3;https://onair.swr.de/covers/swr/swrhfdb1.KONF.5724549?stationid=28469
2025-03-10 21:18:51;129;31224971;1910 Fruitgum Company;Simon says;https://hooksswr-a.akamaihd.net/99006/M0024462.002.m.mp3;https://onair.swr.de/covers/swr/swrhfdb1.KONF.5370598?stationid=28469
2025-03-10 21:21:00;212;31224972;Secret Service;Ten o'clock postman;https://hooksswr-a.akamaihd.net/99006/M0024547.010.m.mp3;https://onair.swr.de/covers/swr/swrhfdb1.KONF.5391500?stationid=28469
2025-03-10 21:24:31;215;31224979;Ich + Ich;So soll es bleiben;https://hooksswr-a.akamaihd.net/99006/M0106962.001.mp3;https://onair.swr.de/covers/swr/swrhfdb1.KONF.9360235?stationid=28469
2025-03-10 21:28:06;169;31224990;The Hollies;Carrie-Anne;https://hooksswr-a.akamaihd.net/99006/1882530.mp3;https://onair.swr.de/covers/swr/swrhfdb1.KONF.4551470?stationid=28469
2025-03-10 21:30:55;151;31224998;Brotherhood Of Man;My sweet Rosalie;https://hooksswr-a.akamaihd.net/99006/M0413844.007.mp3;no cover
2025-03-10 21:32:27;174;31225015;The Carpenters;Sweet, sweet smile;https://hooksswr-a.akamaihd.net/99006/M0347091.012.m.mp3;https://onair.swr.de/covers/swr/swrhfdb1.KONF.42031768?stationid=28469
2025-03-10 21:35:20;213;31225017;Alphaville;Forever young;https://hooksswr-a.akamaihd.net/99006/M0406054.024.m.mp3;https://onair.swr.de/covers/swr/swrhfdb1.KONF.44798157?stationid=28469
2025-03-10 21:38:50;125;31225024;David Garrick;Dear Mrs. Applebee;https://hooksswr-a.akamaihd.net/99006/M0583186.028.mp3;https://onair.swr.de/covers/swr/swrhfdb1.KONF.46959387?stationid=28469
2025-03-10 21:41:20;216;31225034;Cat Stevens;Lady d'Arbanville;https://hooksswr-a.akamaihd.net/99006/M0056483.004.m.mp3;https://onair.swr.de/covers/swr/swrhfdb1.KONF.9903227?stationid=28469
2025-03-10 21:44:54;197;31225043;Wolfgang Petry;Der Himmel brennt;https://hooksswr-a.akamaihd.net/99006/M0007754.002.m.mp3;https://onair.swr.de/covers/swr/swrhfdb1.KONF.4581399?stationid=28469
2025-03-10 21:48:17;125;31225062;Anne Murray;Snowbird;https://hooksswr-a.akamaihd.net/99006/1986384.mp3;no cover
2025-03-10 21:50:28;190;31225064;Al Green;Let's stay together;https://hooksswr-a.akamaihd.net/99006/2181779.mp3;https://onair.swr.de/covers/swr/swrhfdb1.KONF.6101861?stationid=28469
2025-03-10 21:53:30;227;31225079;Laid Back;Sunshine Reggae;https://hooksswr-a.akamaihd.net/99006/M0020843.008.m.mp3;https://onair.swr.de/covers/swr/swrhfdb1.KONF.5114439?stationid=28469
2025-03-10 21:57:19;149;31225096;Brotherhood Of Man;My sweet Rosalie;https://hooksswr-a.akamaihd.net/99006/M0413844.007.mp3;no cover
2025-03-10 22:04:22;197;31225109;Racey;Some girls;https://hooksswr-a.akamaihd.net/99006/M0024556.036.m.mp3;https://onair.swr.de/covers/swr/swrhfdb1.KONF.5391698?stationid=28469
2025-03-10 22:07:37;147;31225111;The Mamas and the Papas;California dreamin';https://hooksswr-a.akamaihd.net/99006/M0036136.007.mp3;https://onair.swr.de/covers/swr/swrhfdb1.KONF.5146489?stationid=28469
2025-03-10 22:10:10;238;31225118;Tina Turner;Private dancer;https://hooksswr-a.akamaihd.net/99006/2158745.mp3;https://onair.swr.de/covers/swr/swrhfdb1.KONF.9285663?stationid=28469
2025-03-10 22:14:12;181;31225123;Kansas;Dust in the wind;https://hooksswr-a.akamaihd.net/99006/2207756.mp3;https://onair.swr.de/covers/swr/swrhfdb1.KONF.46634232?stationid=28469
2025-03-10 22:17:14;122;31225131;Sam Cooke;Wonderful world;https://hooksswr-a.akamaihd.net/99006/M0063892.027.mp3;https://onair.swr.de/covers/swr/swrhfdb1.KONF.8028996?stationid=28469
2025-03-10 22:19:19;164;31225143;Neil Diamond;Let me take you in my arms again;https://hooksswr-a.akamaihd.net/99006/M0039906.009.m.mp3;https://onair.swr.de/covers/swr/swrhfdb1.KONF.6527425?stationid=28469
2025-03-10 22:22:40;212;31225149;Howard Carpendale;Hello again;https://hooksswr-a.akamaihd.net/99006/M0026263.011.mp3;https://onair.swr.de/covers/swr/swrhfdb1.KONF.5500265?stationid=28469
2025-03-10 22:26:29;138;31225151;Manfred Mann;Do wah diddy diddy;https://hooksswr-a.akamaihd.net/99006/M0009954.003.m.mp3;https://onair.swr.de/covers/swr/swrhfdb1.KONF.4980676?stationid=28469
2025-03-10 22:28:51;167;31225164;Sunrise;Call on me;https://hooksswr-a.akamaihd.net/99006/M0395375.001.m.mp3;https://onair.swr.de/covers/swr/swrhfdb1.KONF.44620596?stationid=28469
2025-03-10 22:33:13;222;31225175;Bachman-Turner Overdrive;You ain't seen nothin' yet;https://hooksswr-a.akamaihd.net/99006/M0039599.017.m.mp3;https://onair.swr.de/covers/swr/swrhfdb1.KONF.6515861?stationid=28469
2025-03-10 22:36:46;266;31225177;Mike Oldfield & Maggie Reilly;To France;https://hooksswr-a.akamaihd.net/99006/M0040377.017.mp3;https://onair.swr.de/covers/swr/swrhfdb1.KONF.6553980?stationid=28469
2025-03-10 22:41:00;139;31225184;The Everly Brothers;Till I kissed you;https://hooksswr-a.akamaihd.net/99006/M0008061.005.m.mp3;https://onair.swr.de/covers/swr/swrhfdb1.KONF.4649174?stationid=28469
2025-03-10 22:43:33;140;31225194;Shakin' Stevens;Shirley;https://hooksswr-a.akamaihd.net/99006/M0046158.018.m.mp3;https://onair.swr.de/covers/swr/swrhfdb1.KONF.7083019?stationid=28469
2025-03-10 22:45:53;219;31225199;Johannes Oerding;Hundert Leben;https://hooksswr-a.akamaihd.net/99006/M0491993.001.mp3;https://onair.swr.de/covers/swr/swrhfdb1.KONF.45743246?stationid=28469
2025-03-10 22:49:31;121;31225205;The Beach Boys;I get around;https://hooksswr-a.akamaihd.net/99006/M0016520.001.m.mp3;https://onair.swr.de/covers/swr/swrhfdb1.KONF.4588393?stationid=28469
2025-03-10 22:45:52;217;31225207;Johannes Oerding;Hundert Leben;https://hooksswr-a.akamaihd.net/99006/M0491993.001.mp3;https://onair.swr.de/covers/swr/swrhfdb1.KONF.45743246?stationid=28469
2025-03-10 22:51:34;160;31225213;The Sweet;Funny funny;https://hooksswr-a.akamaihd.net/99006/M0041130.002.m.mp3;https://onair.swr.de/covers/swr/swrhfdb1.KONF.6591735?stationid=28469
2025-03-10 22:49:32;121;31225214;The Beach Boys;I get around;https://hooksswr-a.akamaihd.net/99006/M0016520.001.m.mp3;https://onair.swr.de/covers/swr/swrhfdb1.KONF.4588393?stationid=28469
2025-03-10 22:54:03;222;31225218;Den Harrow;Don't break my heart;https://hooksswr-a.akamaihd.net/99006/2187878.mp3;https://onair.swr.de/covers/swr/swrhfdb1.KONF.15655870?stationid=28469
2025-03-10 22:57:46;146;31225224;Skeeter Davis;Gonna get along without you now;https://hooksswr-a.akamaihd.net/99006/M0232549.001.m.mp3;no cover
2025-03-10 23:03:44;197;31225245;T. Rex;Get it on;no hook;https://onair.swr.de/covers/swr/fallback?stationid=28469
2025-03-10 23:06:59;191;31225251;Diana Ross & The Bee Gees;Chain reaction;no hook;https://onair.swr.de/covers/swr/fallback?stationid=28469
2025-03-10 23:10:48;198;31225261;Mr. Big;To be with you;no hook;https://onair.swr.de/covers/swr/fallback?stationid=28469
2025-03-10 23:14:00;187;31225277;Namika;Lieblingsmensch;no hook;https://onair.swr.de/covers/swr/fallback?stationid=28469
2025-03-10 23:17:07;194;31225288;Bob Seger & The Silver Bullet Band;Still the same;no hook;https://onair.swr.de/covers/swr/fallback?stationid=28469
2025-03-10 23:21:10;224;31225291;Elton John;Nikita;no hook;https://onair.swr.de/covers/swr/fallback?stationid=28469
2025-03-10 23:24:52;161;31225299;The Hollies;Jennifer Eccles;no hook;https://onair.swr.de/covers/swr/fallback?stationid=28469
2025-03-10 23:27:30;198;31225306;Secret Service;Ye-Si-Ca;no hook;https://onair.swr.de/covers/swr/fallback?stationid=28469
2025-03-10 23:31:24;250;31225312;Tina Turner;I don't wanna lose you;no hook;https://onair.swr.de/covers/swr/fallback?stationid=28469
2025-03-10 23:35:31;242;31225321;Shania Twain;Forever and for always;no hook;https://onair.swr.de/covers/swr/fallback?stationid=28469
2025-03-10 23:39:29;192;31225328;Racey;Some girls;no hook;https://onair.swr.de/covers/swr/fallback?stationid=28469
2025-03-10 23:43:30;210;31225340;Max Werner;Rain in May;no hook;https://onair.swr.de/covers/swr/fallback?stationid=28469
2025-03-10 23:46:57;219;31225346;Heinz Rudolf Kunze;Längere Tage;no hook;https://onair.swr.de/covers/swr/fallback?stationid=28469
2025-03-10 23:50:34;180;31225359;The Walker Brothers;The sun ain't gonna shine anymore;no hook;https://onair.swr.de/covers/swr/fallback?stationid=28469
2025-03-10 23:54:05;180;31225368;Johnny Logan;Hold me now;no hook;https://onair.swr.de/covers/swr/fallback?stationid=28469
2025-03-10 23:57:03;188;31225372;The Bellamy Brothers;If I said you had a beautiful body would you hold;no hook;https://onair.swr.de/covers/swr/fallback?stationid=28469
