time;duration;id;artist;title;hook;cover
2024-09-04 00:00:01;216;30395855;Kool & The Gang;Celebration;https://hooksswr-a.akamaihd.net/99005/M0024557.025.m.mp3;https://onair.swr.de/covers/swr/swrhfdb1.KONF.14754410?stationid=28466
2024-09-04 00:03:43;261;30395869;Simple Minds;Don't you (forget about me);https://hooksswr-a.akamaihd.net/99005/M0020399.002.m.mp3;https://onair.swr.de/covers/swr/swrhfdb1.KONF.4961774?stationid=28466
2024-09-04 00:07:57;174;30395880;Vaya Con Dios;Nah neh nah;https://hooksswr-a.akamaihd.net/99005/M0307134.001.m.mp3;https://onair.swr.de/covers/swr/swrhfdb1.KONF.31800881?stationid=28466
2024-09-04 00:10:48;182;30395881;UB 40;Red red wine;https://hooksswr-a.akamaihd.net/99005/M0003253.009.m.mp3;https://onair.swr.de/covers/swr/swrhfdb1.KONF.4170214?stationid=28466
2024-09-04 00:14:30;221;30395886;Die Toten Hosen;Altes Fieber;https://hooksswr-a.akamaihd.net/99005/M0579527.001.m.mp3;https://onair.swr.de/covers/swr/swrhfdb1.KONF.46923715?stationid=28466
2024-09-04 00:17:59;164;30395904;James Brown;I got you (I feel good);https://hooksswr-a.akamaihd.net/99005/M0269392.002.m.mp3;https://onair.swr.de/covers/swr/swrhfdb1.KONF.21238582?stationid=28466
2024-09-04 00:20:40;170;30395905;Tanita Tikaram;Good tradition;https://hooksswr-a.akamaihd.net/99005/M0002298.004.m.mp3;https://onair.swr.de/covers/swr/swrhfdb1.KONF.6787750?stationid=28466
2024-09-04 00:24:50;116;30395911;Herbert Grönemeyer;Currywurst;https://hooksswr-a.akamaihd.net/99005/M0110101.033.mp3;https://onair.swr.de/covers/swr/swrhfdb1.KONF.9460642?stationid=28466
2024-09-04 00:26:40;260;30395921;Freakpower;Turn on, tune in, cop out;https://hooksswr-a.akamaihd.net/99005/M0516955.001.m.mp3;https://onair.swr.de/covers/swr/swrhfdb1.KONF.46078833?stationid=28466
2024-09-04 00:31:31;300;30395929;George Michael;Careless whisper;https://hooksswr-a.akamaihd.net/99005/M0024478.011.m.mp3;https://onair.swr.de/covers/swr/swrhfdb1.KONF.5370932?stationid=28466
2024-09-04 00:36:21;180;30395938;Amy MacDonald;This is the life;https://hooksswr-a.akamaihd.net/99005/M0087696.001.m.mp3;https://onair.swr.de/covers/swr/swrhfdb1.KONF.8917248?stationid=28466
2024-09-04 00:39:24;260;30395944;Howard Jones;Everlasting love;https://hooksswr-a.akamaihd.net/99005/M0510999.001.m.mp3;https://onair.swr.de/covers/swr/swrhfdb1.KONF.45986202?stationid=28466
2024-09-04 00:46:01;178;30395950;Ike & Tina Turner;Nutbush City Limits;https://hooksswr-a.akamaihd.net/99005/M0021488.002.m.mp3;https://onair.swr.de/covers/swr/swrhfdb1.KONF.6011449?stationid=28466
2024-09-04 00:48:52;266;30395959;East 17;Stay another day;https://hooksswr-a.akamaihd.net/99005/M0514552.005.m.mp3;https://onair.swr.de/covers/swr/swrhfdb1.KONF.46032929?stationid=28466
2024-09-04 00:53:21;201;30395965;Kim Wilde;Chequered love;https://hooksswr-a.akamaihd.net/99005/M0024643.008.m.mp3;https://onair.swr.de/covers/swr/swrhfdb1.KONF.5400841?stationid=28466
2024-09-04 00:56:37;192;30395969;OneRepublic;West Coast;https://hooksswr-a.akamaihd.net/99005/M0682604.001.m.mp3;https://onair.swr.de/covers/swr/swrhfdb1.KONF.49201325?stationid=28466
2024-09-04 01:00:04;235;30395974;Hot Chocolate;Every 1's a winner;https://hooksswr-a.akamaihd.net/99005/M0024466.017.m.mp3;https://onair.swr.de/covers/swr/swrhfdb1.KONF.5370703?stationid=28466
2024-09-04 01:03:52;181;30395979;U2;Sweetest thing;https://hooksswr-a.akamaihd.net/99005/M0473842.006.m.mp3;https://onair.swr.de/covers/swr/swrhfdb1.KONF.45554094?stationid=28466
2024-09-04 01:06:47;259;30395986;Climie Fisher;Love changes (everything);https://hooksswr-a.akamaihd.net/99005/M0024478.004.m.mp3;https://onair.swr.de/covers/swr/swrhfdb1.KONF.5370925?stationid=28466
2024-09-04 01:11:14;295;30395993;ABBA;The winner takes it all;https://hooksswr-a.akamaihd.net/99005/M0001410.012.m.mp3;https://onair.swr.de/covers/swr/swrhfdb1.KONF.3812496?stationid=28466
2024-09-04 01:16:09;257;30395995;Journey;Don't stop believin';https://hooksswr-a.akamaihd.net/99005/M0054869.012.m.mp3;https://onair.swr.de/covers/swr/swrhfdb1.KONF.7663818?stationid=28466
2024-09-04 01:21:07;276;30396007;Lionel Richie;Do it to me;https://hooksswr-a.akamaihd.net/99005/M0002484.001.m.mp3;https://onair.swr.de/covers/swr/swrhfdb1.KONF.4051481?stationid=28466
2024-09-04 01:25:49;289;30396014;Starship;We built this city;https://hooksswr-a.akamaihd.net/99005/M0518437.001.m.mp3;https://onair.swr.de/covers/swr/swrhfdb1.KONF.46094312?stationid=28466
2024-09-04 01:31:13;223;30396025;Men At Work;Down under;https://hooksswr-a.akamaihd.net/99005/M0018385.003.m.mp3;https://onair.swr.de/covers/swr/swrhfdb1.KONF.4861660?stationid=28466
2024-09-04 01:34:40;277;30396034;Pink Floyd;Hey you;https://hooksswr-a.akamaihd.net/99005/M0041433.006.m.mp3;https://onair.swr.de/covers/swr/swrhfdb1.KONF.6608901?stationid=28466
2024-09-04 01:39:18;238;30396041;Nick Kamen;I promised myself;https://hooksswr-a.akamaihd.net/99005/M0024570.031.m.mp3;https://onair.swr.de/covers/swr/swrhfdb1.KONF.5392123?stationid=28466
2024-09-04 01:45:49;233;30396052;Ville Valo & Natalia Avelon;Summer wine;https://hooksswr-a.akamaihd.net/99005/M0060553.001.m.mp3;https://onair.swr.de/covers/swr/swrhfdb1.KONF.7604386?stationid=28466
2024-09-04 01:49:37;269;30396056;Boy Meets Girl;Waiting for a star to fall;https://hooksswr-a.akamaihd.net/99005/M0045626.004.m.mp3;https://onair.swr.de/covers/swr/swrhfdb1.KONF.6989720?stationid=28466
2024-09-04 01:52:45;227;30396060;Alanis Morissette;Ironic;https://hooksswr-a.akamaihd.net/99005/M0005701.010.m.mp3;https://onair.swr.de/covers/swr/swrhfdb1.KONF.4505268?stationid=28466
2024-09-04 01:56:18;267;30396066;Huey Lewis & The News;Stuck with you;https://hooksswr-a.akamaihd.net/99005/M0002489.012.m.mp3;https://onair.swr.de/covers/swr/swrhfdb1.KONF.4051541?stationid=28466
2024-09-04 02:00:04;276;30396071;The Motors;Airport;https://hooksswr-a.akamaihd.net/99005/M0115829.003.m.mp3;https://onair.swr.de/covers/swr/swrhfdb1.KONF.9536050?stationid=28466
2024-09-04 02:03:34;297;30396077;Michael Jackson;The way you make me feel;https://hooksswr-a.akamaihd.net/99005/M0074886.002.m.mp3;https://onair.swr.de/covers/swr/swrhfdb1.KONF.9929091?stationid=28466
2024-09-04 02:12:00;224;30396089;Nik Kershaw;The riddle;https://hooksswr-a.akamaihd.net/99005/M0007219.002.m.mp3;https://onair.swr.de/covers/swr/swrhfdb1.KONF.4589941?stationid=28466
2024-09-04 02:08:20;263;30396090;Nelly Furtado;All good things (come to an end);https://hooksswr-a.akamaihd.net/99005/M0080063.001.m.mp3;https://onair.swr.de/covers/swr/swrhfdb1.KONF.8652003?stationid=28466
2024-09-04 02:15:46;341;30396098;Pet Shop Boys;Go west;https://hooksswr-a.akamaihd.net/99005/M0001965.012.m.mp3;https://onair.swr.de/covers/swr/swrhfdb1.KONF.4005262?stationid=28466
2024-09-04 02:21:32;238;30396111;Gloria Estefan;Don't wanna lose you;https://hooksswr-a.akamaihd.net/99005/M0355554.011.m.mp3;https://onair.swr.de/covers/swr/swrhfdb1.KONF.42994488?stationid=28466
2024-09-04 02:25:26;267;30396117;The Animals;House of the rising sun;https://hooksswr-a.akamaihd.net/99005/M0023699.007.m.mp3;https://onair.swr.de/covers/swr/swrhfdb1.KONF.6280819?stationid=28466
2024-09-04 02:30:34;266;30396121;Sting & The New York Chamber Consort;Englishman in New York;https://hooksswr-a.akamaihd.net/99005/M0253653.002.m.mp3;https://onair.swr.de/covers/swr/swrhfdb1.KONF.16293660?stationid=28466
2024-09-04 02:34:38;199;30396123;Chumbawamba;Tubthumping;https://hooksswr-a.akamaihd.net/99005/M0049008.001.m.mp3;https://onair.swr.de/covers/swr/swrhfdb1.KONF.7335554?stationid=28466
2024-09-04 02:37:44;227;30396138;Wilson Phillips;Release me;https://hooksswr-a.akamaihd.net/99005/M0002235.003.m.mp3;https://onair.swr.de/covers/swr/swrhfdb1.KONF.6787221?stationid=28466
2024-09-04 02:44:47;218;30396148;Nickelback;What are you waiting for;https://hooksswr-a.akamaihd.net/99005/1926926.m.mp3;https://onair.swr.de/covers/swr/swrhfdb1.KONF.44012977?stationid=28466
2024-09-04 02:48:25;239;30396153;Belinda Carlisle;La luna;https://hooksswr-a.akamaihd.net/99005/M0002291.001.m.mp3;https://onair.swr.de/covers/swr/swrhfdb1.KONF.6787685?stationid=28466
2024-09-04 02:52:14;225;30396162;Billy Joel;The river of dreams;https://hooksswr-a.akamaihd.net/99005/M0001968.001.m.mp3;https://onair.swr.de/covers/swr/swrhfdb1.KONF.4005271?stationid=28466
2024-09-04 02:55:45;274;30396164;Heart;All I wanna do is make love to you;https://hooksswr-a.akamaihd.net/99005/M0002247.001.m.mp3;https://onair.swr.de/covers/swr/swrhfdb1.KONF.6787271?stationid=28466
2024-09-04 03:00:04;174;30396182;Dr. Hook;Sharing the night together;https://hooksswr-a.akamaihd.net/99005/M0039903.014.m.mp3;https://onair.swr.de/covers/swr/swrhfdb1.KONF.6527356?stationid=28466
2024-09-04 03:04:05;298;30396193;Toto;Africa;https://hooksswr-a.akamaihd.net/99005/M0025902.010.m.mp3;https://onair.swr.de/covers/swr/swrhfdb1.KONF.6403465?stationid=28466
2024-09-04 03:08:39;241;30396204;Dr. Alban;It's my life;https://hooksswr-a.akamaihd.net/99005/M0337264.009.m.mp3;https://onair.swr.de/covers/swr/swrhfdb1.KONF.40831731?stationid=28466
2024-09-04 03:12:33;185;30396205;Yazoo;Don't go;https://hooksswr-a.akamaihd.net/99005/M0001541.001.m.mp3;https://onair.swr.de/covers/swr/swrhfdb1.KONF.3888218?stationid=28466
2024-09-04 03:15:38;247;30396211;Paul McCartney & Wings;My love;https://hooksswr-a.akamaihd.net/99005/M0437470.001.m.mp3;https://onair.swr.de/covers/swr/swrhfdb1.KONF.45128818?stationid=28466
2024-09-04 03:20:37;226;30396224;Caro Emerald;A night like this;https://hooksswr-a.akamaihd.net/99005/M0267580.001.m.mp3;https://onair.swr.de/covers/swr/swrhfdb1.KONF.20577817?stationid=28466
2024-09-04 03:24:18;241;30396225;Chris Rea;Let's dance;https://hooksswr-a.akamaihd.net/99005/M0378195.009.m.mp3;https://onair.swr.de/covers/swr/swrhfdb1.KONF.44123545?stationid=28466
2024-09-04 03:28:30;218;30396237;Tom Jones & The Cardigans;Burning down the house;https://hooksswr-a.akamaihd.net/99005/M0398999.001.m.mp3;no cover
2024-09-04 03:32:40;264;30396243;Mr. Mister;Kyrie;https://hooksswr-a.akamaihd.net/99005/M0117887.007.m.mp3;https://onair.swr.de/covers/swr/swrhfdb1.KONF.9515494?stationid=28466
2024-09-04 03:36:56;244;30396255;Shania Twain;Forever and for always;https://hooksswr-a.akamaihd.net/99005/M0006155.001.m.mp3;https://onair.swr.de/covers/swr/swrhfdb1.KONF.4598836?stationid=28466
2024-09-04 03:40:52;247;30396258;Gazebo;I like Chopin;https://hooksswr-a.akamaihd.net/99005/M0024559.035.m.mp3;https://onair.swr.de/covers/swr/swrhfdb1.KONF.5391790?stationid=28466
2024-09-04 03:47:25;122;30396275;Queen;We will rock you;https://hooksswr-a.akamaihd.net/99005/M0048917.022.m.mp3;https://onair.swr.de/covers/swr/swrhfdb1.KONF.7310702?stationid=28466
2024-09-04 03:49:26;243;30396279;Orchestral Manoeuvres In The Dark;Walking on the milky way;https://hooksswr-a.akamaihd.net/99005/M0001827.001.m.mp3;https://onair.swr.de/covers/swr/swrhfdb1.KONF.3984133?stationid=28466
2024-09-04 03:52:29;242;30396281;Icehouse;Hey little girl;https://hooksswr-a.akamaihd.net/99005/M0476172.001.m.mp3;https://onair.swr.de/covers/swr/swrhfdb1.KONF.45579279?stationid=28466
2024-09-04 03:55:59;231;30396284;Ed Sheeran;Shape of you;https://hooksswr-a.akamaihd.net/99005/M0464781.001.m.mp3;https://onair.swr.de/covers/swr/swrhfdb1.KONF.45379024?stationid=28466
2024-09-04 04:00:04;278;30396291;Gladys Knight & The Pips;Midnight train to Georgia;https://hooksswr-a.akamaihd.net/99005/M0407801.012.m.mp3;https://onair.swr.de/covers/swr/swrhfdb1.KONF.44819985?stationid=28466
2024-09-04 04:03:39;240;30396301;Elton John;Can you feel the love tonight;https://hooksswr-a.akamaihd.net/99005/M0001945.001.m.mp3;https://onair.swr.de/covers/swr/swrhfdb1.KONF.4005109?stationid=28466
2024-09-04 04:07:34;179;30396311;Heaven 17 & The Phenix Horns Esquire;Temptation;https://hooksswr-a.akamaihd.net/99005/M0041247.013.m.mp3;https://onair.swr.de/covers/swr/swrhfdb1.KONF.6597050?stationid=28466
2024-09-04 04:10:29;169;30396314;Olivia Newton-John & John Travolta;You're the one that I want;https://hooksswr-a.akamaihd.net/99005/M0023571.004.m.mp3;https://onair.swr.de/covers/swr/swrhfdb1.KONF.6270760?stationid=28466
2024-09-04 04:14:29;456;30396316;Yes;Hearts;https://hooksswr-a.akamaihd.net/99005/M0544294.009.m.mp3;https://onair.swr.de/covers/swr/swrhfdb1.KONF.46192479?stationid=28466
2024-09-04 04:21:57;264;30396331;Whitney Houston;It's not right but it's okay;https://hooksswr-a.akamaihd.net/99005/M0082033.001.m.mp3;https://onair.swr.de/covers/swr/swrhfdb1.KONF.8709229?stationid=28466
2024-09-04 04:26:18;242;30396339;Air Supply;All out of love;https://hooksswr-a.akamaihd.net/99005/M0370122.001.m.mp3;https://onair.swr.de/covers/swr/swrhfdb1.KONF.43986089?stationid=28466
2024-09-04 04:31:04;299;30396346;a-ha;The sun always shines on TV;https://hooksswr-a.akamaihd.net/99005/M0009602.006.m.mp3;https://onair.swr.de/covers/swr/swrhfdb1.KONF.4879431?stationid=28466
2024-09-04 04:35:41;166;30396353;Dave Edmunds;I hear you knockin';https://hooksswr-a.akamaihd.net/99005/M0024541.005.m.mp3;https://onair.swr.de/covers/swr/swrhfdb1.KONF.5371337?stationid=28466
2024-09-04 04:38:27;193;30396359;Tracy Chapman;Baby can I hold you;https://hooksswr-a.akamaihd.net/99005/M0002315.005.m.mp3;https://onair.swr.de/covers/swr/swrhfdb1.KONF.6816010?stationid=28466
2024-09-04 04:42:38;218;30396367;Laith Al-Deen;Bilder von Dir;https://hooksswr-a.akamaihd.net/99005/M0036373.001.m.mp3;https://onair.swr.de/covers/swr/swrhfdb1.KONF.5165970?stationid=28466
2024-09-04 04:46:11;217;30396375;When In Rome;The promise;https://hooksswr-a.akamaihd.net/99005/M0023749.030.m.mp3;https://onair.swr.de/covers/swr/swrhfdb1.KONF.6287772?stationid=28466
2024-09-04 04:49:25;280;30396380;Tasmin Archer;Sleeping satellite;https://hooksswr-a.akamaihd.net/99005/M0002199.001.m.mp3;https://onair.swr.de/covers/swr/swrhfdb1.KONF.4037062?stationid=28466
2024-09-04 04:52:39;213;30396382;The Other Ones;Another holiday;https://hooksswr-a.akamaihd.net/99005/M0267593.004.m.mp3;https://onair.swr.de/covers/swr/swrhfdb1.KONF.20598174?stationid=28466
2024-09-04 04:56:19;224;30396387;The Doobie Brothers;What a fool believes;https://hooksswr-a.akamaihd.net/99005/M0039911.017.m.mp3;https://onair.swr.de/covers/swr/swrhfdb1.KONF.6527494?stationid=28466
2024-09-04 05:03:28;228;30396405;Visage;Fade to grey;https://hooksswr-a.akamaihd.net/99005/M0024570.024.m.mp3;https://onair.swr.de/covers/swr/swrhfdb1.KONF.5392116?stationid=28466
2024-09-04 05:06:53;259;30396408;Ozzy Osbourne;Dreamer;https://hooksswr-a.akamaihd.net/99005/M0001123.001.m.mp3;https://onair.swr.de/covers/swr/swrhfdb1.KONF.3782116?stationid=28466
2024-09-04 05:12:03;244;30396435;Diana Ross;Upside down;https://hooksswr-a.akamaihd.net/99005/M0029251.021.m.mp3;https://onair.swr.de/covers/swr/swrhfdb1.KONF.4724968?stationid=28466
2024-09-04 05:16:00;230;30396442;Holly Johnson;Love train;https://hooksswr-a.akamaihd.net/99005/M0002278.006.m.mp3;https://onair.swr.de/covers/swr/swrhfdb1.KONF.6787576?stationid=28466
2024-09-04 05:21:01;219;30396464;Reamonn;Aeroplane;https://hooksswr-a.akamaihd.net/99005/M0107259.008.m.mp3;https://onair.swr.de/covers/swr/swrhfdb1.KONF.9394411?stationid=28466
2024-09-04 05:24:35;237;30396472;Peter Schilling;Major Tom (Völlig losgelöst);https://hooksswr-a.akamaihd.net/99005/M0539206.004.m.mp3;https://onair.swr.de/covers/swr/swrhfdb1.KONF.46173896?stationid=28466
2024-09-04 05:28:21;227;30396481;Robert Palmer;Best of both worlds;https://hooksswr-a.akamaihd.net/99005/M0041062.011.m.mp3;https://onair.swr.de/covers/swr/swrhfdb1.KONF.6587760?stationid=28466
2024-09-04 05:32:03;237;30396491;Blondie;Maria;https://hooksswr-a.akamaihd.net/99005/M0001766.001.m.mp3;https://onair.swr.de/covers/swr/swrhfdb1.KONF.3969816?stationid=28466
2024-09-04 05:32:26;231;30396496;Cher;Believe;https://hooksswr-a.akamaihd.net/99005/M0025089.001.m.mp3;https://onair.swr.de/covers/swr/swrhfdb1.KONF.5508345?stationid=28466
2024-09-04 05:36:05;182;30396500;Michael Jackson;Billie Jean;https://hooksswr-a.akamaihd.net/99005/M0023553.006.m.mp3;https://onair.swr.de/covers/swr/swrhfdb1.KONF.6270471?stationid=28466
2024-09-04 05:41:09;206;30396530;Ed Sheeran;Happier;https://hooksswr-a.akamaihd.net/99005/M0510469.001.m.mp3;https://onair.swr.de/covers/swr/swrhfdb1.KONF.45982285?stationid=28466
2024-09-04 05:44:31;197;30396534;Juice Newton;Queen of hearts;https://hooksswr-a.akamaihd.net/99005/M0023584.007.m.mp3;https://onair.swr.de/covers/swr/swrhfdb1.KONF.6270903?stationid=28466
2024-09-04 05:48:48;243;30396558;Seal;Crazy;https://hooksswr-a.akamaihd.net/99005/M0028199.003.m.mp3;https://onair.swr.de/covers/swr/swrhfdb1.KONF.5723801?stationid=28466
2024-09-04 05:51:59;211;30396560;Chris Rea;The road to hell (Part 2);https://hooksswr-a.akamaihd.net/99005/M0299051.001.m.mp3;https://onair.swr.de/covers/swr/swrhfdb1.KONF.29619499?stationid=28466
2024-09-04 05:54:56;200;30396573;Clout;Substitute;https://hooksswr-a.akamaihd.net/99005/M0023742.023.m.mp3;https://onair.swr.de/covers/swr/swrhfdb1.KONF.6287594?stationid=28466
2024-09-04 06:00:01;253;30396582;Stevie Wonder;Part-time lover;https://hooksswr-a.akamaihd.net/99005/M0020356.012.m.mp3;https://onair.swr.de/covers/swr/swrhfdb1.KONF.4961129?stationid=28466
2024-09-04 06:05:10;236;30396616;James Blunt;1973;https://hooksswr-a.akamaihd.net/99005/M0077275.001.m.mp3;https://onair.swr.de/covers/swr/swrhfdb1.KONF.8563312?stationid=28466
2024-09-04 06:09:03;209;30396619;Foreigner;I want to know what love is;https://hooksswr-a.akamaihd.net/99005/M0018243.003.m.mp3;https://onair.swr.de/covers/swr/swrhfdb1.KONF.4812407?stationid=28466
2024-09-04 06:14:19;220;30396656;Irene Cara;Fame;https://hooksswr-a.akamaihd.net/99005/M0045626.005.m.mp3;https://onair.swr.de/covers/swr/swrhfdb1.KONF.6989721?stationid=28466
2024-09-04 06:17:53;178;30396669;Marc Almond;The days of Pearly Spencer (5);https://hooksswr-a.akamaihd.net/99005/M0417145.030.m.mp3;https://onair.swr.de/covers/swr/swrhfdb1.KONF.44920068?stationid=28466
2024-09-04 06:21:40;235;30396700;Bruce Springsteen;Dancing in the dark;https://hooksswr-a.akamaihd.net/99005/M0002523.011.m.mp3;https://onair.swr.de/covers/swr/swrhfdb1.KONF.4052009?stationid=28466
2024-09-04 06:25:20;255;30396706;Empire Of The Sun;We are the people;https://hooksswr-a.akamaihd.net/99005/M0120654.001.m.mp3;https://onair.swr.de/covers/swr/swrhfdb1.KONF.9610611?stationid=28466
2024-09-04 06:29:30;234;30396723;Johnny Nash;Rock me baby;https://hooksswr-a.akamaihd.net/99005/M0040294.006.m.mp3;https://onair.swr.de/covers/swr/swrhfdb1.KONF.6547275?stationid=28466
2024-09-04 06:34:16;210;30396742;Glenn Frey;The heat is on;https://hooksswr-a.akamaihd.net/99005/M0001854.002.m.mp3;https://onair.swr.de/covers/swr/swrhfdb1.KONF.3984256?stationid=28466
2024-09-04 06:37:34;252;30396746;Melanie C;Never be the same again;https://hooksswr-a.akamaihd.net/99005/M0081794.003.m.mp3;https://onair.swr.de/covers/swr/swrhfdb1.KONF.8673089?stationid=28466
2024-09-04 06:44:33;204;30396778;Barry White;Let the music play;https://hooksswr-a.akamaihd.net/99005/M0363320.015.m.mp3;https://onair.swr.de/covers/swr/swrhfdb1.KONF.43593646?stationid=28466
2024-09-04 06:47:52;209;30396792;Fleetwood Mac;Little lies;https://hooksswr-a.akamaihd.net/99005/M0003884.004.m.mp3;https://onair.swr.de/covers/swr/swrhfdb1.KONF.4276620?stationid=28466
2024-09-04 06:51:59;186;30396833;Maroon 5;Memories;https://hooksswr-a.akamaihd.net/99005/M0576546.001.m.mp3;https://onair.swr.de/covers/swr/swrhfdb1.KONF.46873198?stationid=28466
2024-09-04 06:55:00;222;30396838;Falco;Der Kommissar;https://hooksswr-a.akamaihd.net/99005/M0084925.001.m.mp3;https://onair.swr.de/covers/swr/swrhfdb1.KONF.8835145?stationid=28466
2024-09-04 07:00:01;250;30396854;Sarah Connor;From Sarah with love;https://hooksswr-a.akamaihd.net/99005/M0001319.005.m.mp3;https://onair.swr.de/covers/swr/swrhfdb1.KONF.3799553?stationid=28466
2024-09-04 07:05:21;207;30396887;Enrique Iglesias;Rhythm divine;https://hooksswr-a.akamaihd.net/99005/M0109495.001.m.mp3;https://onair.swr.de/covers/swr/swrhfdb1.KONF.9438112?stationid=28466
2024-09-04 07:08:45;226;30396894;George Harrison;Got my mind set on you;https://hooksswr-a.akamaihd.net/99005/M0002328.007.m.mp3;https://onair.swr.de/covers/swr/swrhfdb1.KONF.4037286?stationid=28466
2024-09-04 07:14:42;191;30396923;Gloria Gaynor;I will survive;https://hooksswr-a.akamaihd.net/99005/M0501623.010.m.mp3;https://onair.swr.de/covers/swr/swrhfdb1.KONF.45851090?stationid=28466
2024-09-04 07:18:13;217;30396936;Gary Barlow;Let me go;https://hooksswr-a.akamaihd.net/99005/M0349214.001.m.mp3;https://onair.swr.de/covers/swr/swrhfdb1.KONF.42172894?stationid=28466
2024-09-04 07:23:10;191;30396965;Queen;I want to break free;https://hooksswr-a.akamaihd.net/99005/M0002527.006.m.mp3;https://onair.swr.de/covers/swr/swrhfdb1.KONF.4063085?stationid=28466
2024-09-04 07:26:15;221;30396976;All-4-One;I swear;https://hooksswr-a.akamaihd.net/99005/M0323089.001.m.mp3;https://onair.swr.de/covers/swr/swrhfdb1.KONF.36666228?stationid=28466
2024-09-04 07:29:52;217;30396986;Soulsister;The way to your heart;https://hooksswr-a.akamaihd.net/99005/M0024479.011.m.mp3;https://onair.swr.de/covers/swr/swrhfdb1.KONF.5370951?stationid=28466
2024-09-04 07:33:14;231;30397003;Rainbirds;Blueprint;https://hooksswr-a.akamaihd.net/99005/M0293846.002.m.mp3;https://onair.swr.de/covers/swr/swrhfdb1.KONF.27777675?stationid=28466
2024-09-04 07:36:59;196;30397005;UB 40;(I can't help) falling in love;https://hooksswr-a.akamaihd.net/99005/M0039562.001.m.mp3;https://onair.swr.de/covers/swr/swrhfdb1.KONF.6501421?stationid=28466
2024-09-04 07:42:38;233;30397037;ABBA;Lay all your love on me;https://hooksswr-a.akamaihd.net/99005/M0001414.009.m.mp3;https://onair.swr.de/covers/swr/swrhfdb1.KONF.3812565?stationid=28466
2024-09-04 07:46:27;211;30397048;Marillion;Kayleigh;https://hooksswr-a.akamaihd.net/99005/M0036480.002.m.mp3;https://onair.swr.de/covers/swr/swrhfdb1.KONF.6308770?stationid=28466
2024-09-04 07:51:42;216;30397088;Sia;Unstoppable;https://hooksswr-a.akamaihd.net/99005/1986297.m.mp3;https://onair.swr.de/covers/swr/swrhfdb1.KONF.45242690?stationid=28466
2024-09-04 07:54:34;241;30397094;Icehouse;Hey' little girl;https://hooksswr-a.akamaihd.net/99005/M0025864.003.m.mp3;https://onair.swr.de/covers/swr/swrhfdb1.KONF.6393939?stationid=28466
2024-09-04 08:00:01;257;30397110;Rod Stewart;Da ya think I'm sexy;https://hooksswr-a.akamaihd.net/99005/M0357941.001.m.mp3;https://onair.swr.de/covers/swr/swrhfdb1.KONF.43295877?stationid=28466
2024-09-04 08:05:53;163;30397128;Men Without Hats;The safety dance;https://hooksswr-a.akamaihd.net/99005/M0024480.011.m.mp3;https://onair.swr.de/covers/swr/swrhfdb1.KONF.5370968?stationid=28466
2024-09-04 08:08:34;200;30397137;Bryan Adams;Back to you;https://hooksswr-a.akamaihd.net/99005/M0556262.001.m.mp3;https://onair.swr.de/covers/swr/swrhfdb1.KONF.46540991?stationid=28466
2024-09-04 08:14:13;174;30397172;Billy Ocean;Love really hurts without you;https://hooksswr-a.akamaihd.net/99005/M0040299.014.m.mp3;https://onair.swr.de/covers/swr/swrhfdb1.KONF.6547378?stationid=28466
2024-09-04 08:17:04;233;30397182;Cock Robin;The promise you made;https://hooksswr-a.akamaihd.net/99005/M0002469.005.m.mp3;https://onair.swr.de/covers/swr/swrhfdb1.KONF.4051278?stationid=28466
2024-09-04 08:21:43;161;30397201;Pink;Walk me home;https://hooksswr-a.akamaihd.net/99005/M0561340.001.m.mp3;https://onair.swr.de/covers/swr/swrhfdb1.KONF.46638224?stationid=28466
2024-09-04 08:24:21;251;30397220;Bill Medley & Jennifer Warnes;(I've had) The time of my life;https://hooksswr-a.akamaihd.net/99005/M0016489.001.m.mp3;https://onair.swr.de/covers/swr/swrhfdb1.KONF.4587912?stationid=28466
2024-09-04 08:28:26;207;30397229;The Bee Gees;Night fever;https://hooksswr-a.akamaihd.net/99005/M0079831.003.m.mp3;https://onair.swr.de/covers/swr/swrhfdb1.KONF.8617189?stationid=28466
2024-09-04 08:32:48;201;30397247;Lutricia McNeal;Ain't that just the way;https://hooksswr-a.akamaihd.net/99005/M0001814.001.m.mp3;https://onair.swr.de/covers/swr/swrhfdb1.KONF.3984079?stationid=28466
2024-09-04 08:36:08;234;30397249;Pet Shop Boys;Heart;https://hooksswr-a.akamaihd.net/99005/M0002323.009.m.mp3;https://onair.swr.de/covers/swr/swrhfdb1.KONF.4037241?stationid=28466
2024-09-04 08:41:46;205;30397282;Status Quo;What you're proposing;https://hooksswr-a.akamaihd.net/99005/M0391660.001.m.mp3;https://onair.swr.de/covers/swr/swrhfdb1.KONF.44524304?stationid=28466
2024-09-04 08:45:08;213;30397290;Milow;Ayo technology;https://hooksswr-a.akamaihd.net/99005/M0115955.001.m.mp3;https://onair.swr.de/covers/swr/swrhfdb1.KONF.9540596?stationid=28466
2024-09-04 08:50:09;227;30397324;Bangles;Eternal flame;https://hooksswr-a.akamaihd.net/99005/M0520169.005.m.mp3;https://onair.swr.de/covers/swr/swrhfdb1.KONF.46120631?stationid=28466
2024-09-04 08:54:41;256;30397329;Meat Loaf;Rock and Roll dreams come through;https://hooksswr-a.akamaihd.net/99005/M0131041.003.m.mp3;https://onair.swr.de/covers/swr/swrhfdb1.KONF.13964853?stationid=28466
2024-09-04 09:00:01;182;30397351;Johnny Logan;Hold me now;https://hooksswr-a.akamaihd.net/99005/M0051203.013.m.mp3;https://onair.swr.de/covers/swr/swrhfdb1.KONF.7444977?stationid=28466
2024-09-04 09:05:14;281;30397381;Adele;Someone like you;https://hooksswr-a.akamaihd.net/99005/M0285775.001.m.mp3;https://onair.swr.de/covers/swr/swrhfdb1.KONF.25374956?stationid=28466
2024-09-04 09:09:51;210;30397394;Rick Astley;Never gonna give you up;https://hooksswr-a.akamaihd.net/99005/M0024570.037.m.mp3;https://onair.swr.de/covers/swr/swrhfdb1.KONF.5392129?stationid=28466
2024-09-04 09:13:17;243;30397419;Boston;More than a feeling;https://hooksswr-a.akamaihd.net/99005/M0024981.001.m.mp3;https://onair.swr.de/covers/swr/swrhfdb1.KONF.5487067?stationid=28466
2024-09-04 09:20:00;211;30397454;Backstreet Boys;I want it that way;https://hooksswr-a.akamaihd.net/99005/M0435925.001.m.mp3;https://onair.swr.de/covers/swr/swrhfdb1.KONF.45111586?stationid=28466
2024-09-04 09:23:28;245;30397466;Gary Moore;Empty rooms;https://hooksswr-a.akamaihd.net/99005/M0023751.005.mp3;https://onair.swr.de/covers/swr/swrhfdb1.KONF.6287805?stationid=28466
2024-09-04 09:27:25;207;30397479;Lady GaGa;Paparazzi;https://hooksswr-a.akamaihd.net/99005/M0098064.001.m.mp3;https://onair.swr.de/covers/swr/swrhfdb1.KONF.9264297?stationid=28466
2024-09-04 09:33:30;241;30397500;Tina Turner;Two people;https://hooksswr-a.akamaihd.net/99005/M0002476.003.m.mp3;https://onair.swr.de/covers/swr/swrhfdb1.KONF.4051378?stationid=28466
2024-09-04 09:37:24;219;30397502;Mike & The Mechanics;Now that you've gone;https://hooksswr-a.akamaihd.net/99005/M0033809.002.m.mp3;https://onair.swr.de/covers/swr/swrhfdb1.KONF.6125104?stationid=28466
2024-09-04 09:43:51;225;30397532;Supertramp;The logical song;https://hooksswr-a.akamaihd.net/99005/M0007909.002.m.mp3;https://onair.swr.de/covers/swr/swrhfdb1.KONF.4612739?stationid=28466
2024-09-04 09:47:29;233;30397545;Paul Young;Wherever I lay my hat (That's my home);no hook;https://onair.swr.de/covers/swr/fallback?stationid=28466
2024-09-04 09:51:43;206;30397574;Coldplay;Higher power;https://hooksswr-a.akamaihd.net/99005/M0672743.001.m.mp3;https://onair.swr.de/covers/swr/swrhfdb1.KONF.47840415?stationid=28466
2024-09-04 09:55:28;214;30397583;McFadden & Whitehead;Ain't no stoppin' us now;no hook;https://onair.swr.de/covers/swr/fallback?stationid=28466
2024-09-04 09:59:34;16;30397612;Ace Of Base;The sign;https://hooksswr-a.akamaihd.net/99005/M0028758.004.m.mp3;https://onair.swr.de/covers/swr/swrhfdb1.KONF.5780993?stationid=28466
2024-09-04 09:59:41;34;30397613;Wham!;Wake me up before you go go;https://hooksswr-a.akamaihd.net/99005/M0024479.002.m.mp3;https://onair.swr.de/covers/swr/swrhfdb1.KONF.5370942?stationid=28466
2024-09-04 10:05:02;178;30397620;Ace Of Base;The sign;https://hooksswr-a.akamaihd.net/99005/M0028758.004.m.mp3;https://onair.swr.de/covers/swr/swrhfdb1.KONF.5780993?stationid=28466
2024-09-04 10:08:06;224;30397624;Wham!;Wake me up before you go go;https://hooksswr-a.akamaihd.net/99005/M0024479.002.m.mp3;https://onair.swr.de/covers/swr/swrhfdb1.KONF.5370942?stationid=28466
2024-09-04 10:11:50;230;30397639;Albert Hammond;It never rains in Southern California;https://hooksswr-a.akamaihd.net/99005/M0451882.001.m.mp3;https://onair.swr.de/covers/swr/swrhfdb1.KONF.45258229?stationid=28466
2024-09-04 10:18:48;237;30397674;Andreas Bourani;Auf uns;https://hooksswr-a.akamaihd.net/99005/M0355962.001.m.mp3;https://onair.swr.de/covers/swr/swrhfdb1.KONF.43074638?stationid=28466
2024-09-04 10:22:41;225;30397678;Kenny Loggins;Footloose;https://hooksswr-a.akamaihd.net/99005/M0040907.003.m.mp3;https://onair.swr.de/covers/swr/swrhfdb1.KONF.6575470?stationid=28466
2024-09-04 10:26:24;216;30397689;Alizée;Moi... Lolita;https://hooksswr-a.akamaihd.net/99005/M0518354.001.m.mp3;https://onair.swr.de/covers/swr/swrhfdb1.KONF.46093872?stationid=28466
2024-09-04 10:33:08;238;30397708;The Alan Parsons Project;Don't answer me;https://hooksswr-a.akamaihd.net/99005/M0007204.005.m.mp3;https://onair.swr.de/covers/swr/swrhfdb1.KONF.4589884?stationid=28466
2024-09-04 10:37:08;213;30397713;Charles & Eddie;Would I lie to you?;https://hooksswr-a.akamaihd.net/99005/M0032716.001.m.mp3;https://onair.swr.de/covers/swr/swrhfdb1.KONF.4883563?stationid=28466
2024-09-04 10:43:55;190;30397741;Elton John;Part time love;no hook;no cover
2024-09-04 10:47:03;205;30397751;Bananarama;Cruel summer;https://hooksswr-a.akamaihd.net/99005/M0023427.004.m.mp3;https://onair.swr.de/covers/swr/swrhfdb1.KONF.6247944?stationid=28466
2024-09-04 10:51:32;227;30397777;The Rolling Stones;Living in a ghost town;https://hooksswr-a.akamaihd.net/99005/M0591716.001.m.mp3;https://onair.swr.de/covers/swr/swrhfdb1.KONF.47105066?stationid=28466
2024-09-04 10:55:14;232;30397779;Madonna;Who's that girl;https://hooksswr-a.akamaihd.net/99005/M0239688.001.m.mp3;https://onair.swr.de/covers/swr/swrhfdb1.KONF.14506968?stationid=28466
2024-09-04 11:04:59;234;30397810;Yes;Owner of a lonely heart;https://hooksswr-a.akamaihd.net/99005/M0102457.001.m.mp3;https://onair.swr.de/covers/swr/swrhfdb1.KONF.9843925?stationid=28466
2024-09-04 11:08:48;236;30397813;Maggie Reilly;Everytime we touch;https://hooksswr-a.akamaihd.net/99005/M0001981.001.m.mp3;https://onair.swr.de/covers/swr/swrhfdb1.KONF.4005377?stationid=28466
2024-09-04 11:12:45;235;30397828;Barclay James Harvest;Hymn;https://hooksswr-a.akamaihd.net/99005/M0000296.001.m.mp3;https://onair.swr.de/covers/swr/swrhfdb1.KONF.3623065?stationid=28466
2024-09-04 11:19:01;191;30397857;Ryan Paris;Dolce vita;https://hooksswr-a.akamaihd.net/99005/M0518578.001.m.mp3;https://onair.swr.de/covers/swr/swrhfdb1.KONF.46098681?stationid=28466
2024-09-04 11:22:16;215;30397873;Mark Ronson feat. Miley Cyrus;Nothing breaks like a heart;https://hooksswr-a.akamaihd.net/99005/M0556922.001.m.mp3;https://onair.swr.de/covers/swr/swrhfdb1.KONF.46551265?stationid=28466
2024-09-04 11:25:50;199;30397882;Marc Almond & Gene Pitney;Something's gotten hold of my heart;https://hooksswr-a.akamaihd.net/99005/M0368001.008.m.mp3;https://onair.swr.de/covers/swr/swrhfdb1.KONF.43875764?stationid=28466
2024-09-04 11:33:30;171;30397909;Katrina & The Waves;Love shine a light;https://hooksswr-a.akamaihd.net/99005/M0001823.001.m.mp3;https://onair.swr.de/covers/swr/swrhfdb1.KONF.3984118?stationid=28466
2024-09-04 11:36:17;191;30397914;Orchestral Manoeuvres In The Dark;Forever live and die;https://hooksswr-a.akamaihd.net/99005/M0005960.028.m.mp3;https://onair.swr.de/covers/swr/swrhfdb1.KONF.4554716?stationid=28466
2024-09-04 11:41:41;190;30397937;Patrick Hernández;Born to be alive;https://hooksswr-a.akamaihd.net/99005/M0041247.002.m.mp3;https://onair.swr.de/covers/swr/swrhfdb1.KONF.6597039?stationid=28466
2024-09-04 11:44:47;233;30397948;Lady Antebellum;Need you now;https://hooksswr-a.akamaihd.net/99005/M0243425.001.m.mp3;https://onair.swr.de/covers/swr/swrhfdb1.KONF.14729545?stationid=28466
2024-09-04 11:49:53;116;30397955;Herbert Grönemeyer;Currywurst;https://hooksswr-a.akamaihd.net/99005/M0110101.033.mp3;https://onair.swr.de/covers/swr/swrhfdb1.KONF.9460642?stationid=28466
2024-09-04 11:49:13;116;30397970;Herbert Grönemeyer;Currywurst;https://hooksswr-a.akamaihd.net/99005/M0110101.033.mp3;https://onair.swr.de/covers/swr/swrhfdb1.KONF.9460642?stationid=28466
2024-09-04 11:51:44;184;30397972;Roxette;How do you do;https://hooksswr-a.akamaihd.net/99005/M0001980.001.m.mp3;https://onair.swr.de/covers/swr/swrhfdb1.KONF.4005372?stationid=28466
2024-09-04 11:54:40;249;30397980;Kool & The Gang;Fresh;https://hooksswr-a.akamaihd.net/99005/M0025673.010.m.mp3;https://onair.swr.de/covers/swr/swrhfdb1.KONF.6364297?stationid=28466
2024-09-04 12:05:28;221;30398008;Mika;Relax (Take it easy);https://hooksswr-a.akamaihd.net/99005/M0416319.001.m.mp3;https://onair.swr.de/covers/swr/swrhfdb1.KONF.44907873?stationid=28466
2024-09-04 12:09:08;210;30398012;Lou Gramm;Midnight blue;https://hooksswr-a.akamaihd.net/99005/M0073968.003.m.mp3;https://onair.swr.de/covers/swr/swrhfdb1.KONF.8458877?stationid=28466
2024-09-04 12:14:51;221;30398047;Clout;Save me;https://hooksswr-a.akamaihd.net/99005/M0024571.002.m.mp3;https://onair.swr.de/covers/swr/swrhfdb1.KONF.5392135?stationid=28466
2024-09-04 12:17:37;232;30398049;Echt;Du trägst keine Liebe in dir;https://hooksswr-a.akamaihd.net/99005/M0517214.001.m.mp3;https://onair.swr.de/covers/swr/swrhfdb1.KONF.46081028?stationid=28466
2024-09-04 12:22:16;248;30398072;Billy Idol;Eyes without a face;https://hooksswr-a.akamaihd.net/99005/M0511026.003.m.mp3;https://onair.swr.de/covers/swr/swrhfdb1.KONF.45986939?stationid=28466
2024-09-04 12:26:24;219;30398076;Blue;U make me wanna;https://hooksswr-a.akamaihd.net/99005/M0003977.007.m.mp3;https://onair.swr.de/covers/swr/swrhfdb1.KONF.4277230?stationid=28466
2024-09-04 12:26:19;226;30398084;Donna Summer;Hot stuff;https://hooksswr-a.akamaihd.net/99005/M0018512.003.m.mp3;https://onair.swr.de/covers/swr/swrhfdb1.KONF.4880457?stationid=28466
2024-09-04 12:32:59;215;30398103;The J. Geils Band;Centerfold;https://hooksswr-a.akamaihd.net/99005/M0128288.003.m.mp3;https://onair.swr.de/covers/swr/swrhfdb1.KONF.10002398?stationid=28466
2024-09-04 12:36:34;165;30398108;Robbie Williams & Nicole Kidman;Something stupid;https://hooksswr-a.akamaihd.net/99005/M0001323.003.m.mp3;https://onair.swr.de/covers/swr/swrhfdb1.KONF.3799621?stationid=28466
2024-09-04 12:41:51;233;30398137;Fleetwood Mac;Rhiannon;https://hooksswr-a.akamaihd.net/99005/M0503673.001.m.mp3;https://onair.swr.de/covers/swr/swrhfdb1.KONF.45887799?stationid=28466
2024-09-04 12:45:42;231;30398142;The Cars;Drive;https://hooksswr-a.akamaihd.net/99005/M0025070.004.m.mp3;https://onair.swr.de/covers/swr/swrhfdb1.KONF.5508064?stationid=28466
2024-09-04 12:51:42;175;30398167;Justin Wellington feat. Small Jam;Iko iko;https://hooksswr-a.akamaihd.net/99005/M0662953.001.m.mp3;https://onair.swr.de/covers/swr/swrhfdb1.KONF.47759934?stationid=28466
2024-09-04 12:54:35;254;30398176;Michael Jackson;Beat it;https://hooksswr-a.akamaihd.net/99005/M0037572.016.m.mp3;https://onair.swr.de/covers/swr/swrhfdb1.KONF.6476292?stationid=28466
2024-09-04 13:00:01;223;30398185;Depeche Mode;Policy of truth;https://hooksswr-a.akamaihd.net/99005/M0025037.007.m.mp3;https://onair.swr.de/covers/swr/swrhfdb1.KONF.5507675?stationid=28466
2024-09-04 13:05:20;233;30398202;Shakespears Sister;Hello (turn your radio on);https://hooksswr-a.akamaihd.net/99005/M0406055.026.m.mp3;https://onair.swr.de/covers/swr/swrhfdb1.KONF.44798203?stationid=28466
2024-09-04 13:09:12;226;30398204;a-ha;You are the one;https://hooksswr-a.akamaihd.net/99005/M0002318.004.m.mp3;https://onair.swr.de/covers/swr/swrhfdb1.KONF.6816032?stationid=28466
2024-09-04 13:13:01;230;30398222;Rod Stewart;The first cut is the deepest;https://hooksswr-a.akamaihd.net/99005/M0292928.001.m.mp3;https://onair.swr.de/covers/swr/swrhfdb1.KONF.27536760?stationid=28466
2024-09-04 13:19:15;374;30398249;Lenny Kravitz;I build this garden for us;no hook;https://onair.swr.de/covers/swr/fallback?stationid=28466
2024-09-04 13:25:29;185;30398259;Joan Armatrading;Rosie;https://hooksswr-a.akamaihd.net/99005/M0024978.027.m.mp3;https://onair.swr.de/covers/swr/swrhfdb1.KONF.5487029?stationid=28466
2024-09-04 13:25:56;226;30398260;Jennifer Rush;Ave Maria (Survivors of a different kind);https://hooksswr-a.akamaihd.net/99005/2037816.m.mp3;https://onair.swr.de/covers/swr/swrhfdb1.KONF.6270877?stationid=28466
2024-09-04 13:32:58;244;30398286;Feargal Sharkey;A good heart;https://hooksswr-a.akamaihd.net/99005/M0024480.009.m.mp3;https://onair.swr.de/covers/swr/swrhfdb1.KONF.5370966?stationid=28466
2024-09-04 13:36:59;223;30398289;R.E.M.;Shiny happy people;https://hooksswr-a.akamaihd.net/99005/M0290543.001.m.mp3;https://onair.swr.de/covers/swr/swrhfdb1.KONF.26836778?stationid=28466
2024-09-04 13:43:48;199;30398317;ABBA;S.O.S.;https://hooksswr-a.akamaihd.net/99005/M0001413.005.m.mp3;https://onair.swr.de/covers/swr/swrhfdb1.KONF.3812540?stationid=28466
2024-09-04 13:47:02;244;30398327;Chris de Burgh;The Lady in red;https://hooksswr-a.akamaihd.net/99005/M0002499.004.m.mp3;https://onair.swr.de/covers/swr/swrhfdb1.KONF.4051670?stationid=28466
2024-09-04 13:52:24;176;30398353;Rea Garvey feat. Kool Savas;Is it love?;https://hooksswr-a.akamaihd.net/99005/M0503764.001.m.mp3;https://onair.swr.de/covers/swr/swrhfdb1.KONF.45889810?stationid=28466
2024-09-04 13:55:21;207;30398355;Gloria Estefan;Get on your feet;https://hooksswr-a.akamaihd.net/99005/M0516795.001.m.mp3;https://onair.swr.de/covers/swr/swrhfdb1.KONF.46076508?stationid=28466
2024-09-04 14:00:01;262;30398364;Christopher Cross;Never be the same;https://hooksswr-a.akamaihd.net/99005/M0326370.001.mp3;https://onair.swr.de/covers/swr/swrhfdb1.KONF.37847357?stationid=28466
2024-09-04 13:59:38;21;30398373;Huey Lewis & The News;Power of love;https://hooksswr-a.akamaihd.net/99005/M0034743.006.m.mp3;https://onair.swr.de/covers/swr/swrhfdb1.KONF.6220489?stationid=28466
2024-09-04 14:05:56;225;30398389;Huey Lewis & The News;Power of love;https://hooksswr-a.akamaihd.net/99005/M0034743.006.m.mp3;https://onair.swr.de/covers/swr/swrhfdb1.KONF.6220489?stationid=28466
2024-09-04 14:09:40;237;30398392;Wet Wet Wet;Love is all around;https://hooksswr-a.akamaihd.net/99005/M0001937.001.m.mp3;https://onair.swr.de/covers/swr/swrhfdb1.KONF.4005053?stationid=28466
2024-09-04 14:13:26;156;30398406;Tracy Chapman;Talkin' bout the revolution;https://hooksswr-a.akamaihd.net/99005/M0002315.001.m.mp3;https://onair.swr.de/covers/swr/swrhfdb1.KONF.6816006?stationid=28466
2024-09-04 14:19:39;332;30398425;Led Zeppelin;Whole lotta love;https://hooksswr-a.akamaihd.net/99005/M0006299.001.m.mp3;https://onair.swr.de/covers/swr/swrhfdb1.KONF.4615043?stationid=28466
2024-09-04 14:25:07;161;30398437;Harry Styles;As it was;https://hooksswr-a.akamaihd.net/99005/M0685242.004.m.mp3;https://onair.swr.de/covers/swr/swrhfdb1.KONF.49271047?stationid=28466
2024-09-04 14:27:47;248;30398449;Lionel Richie;All night long (all night);https://hooksswr-a.akamaihd.net/99005/M0513077.002.m.mp3;https://onair.swr.de/covers/swr/swrhfdb1.KONF.46015114?stationid=28466
2024-09-04 14:31:50;250;30398457;Carly Simon;You're so vain;https://hooksswr-a.akamaihd.net/99005/M0247067.001.m.mp3;https://onair.swr.de/covers/swr/swrhfdb1.KONF.14881352?stationid=28466
2024-09-04 14:34:42;285;30398468;Aerosmith;I don't want to miss a thing;https://hooksswr-a.akamaihd.net/99005/M0006103.001.m.mp3;https://onair.swr.de/covers/swr/swrhfdb1.KONF.4569271?stationid=28466
2024-09-04 14:39:18;208;30398475;Princess;Say I'm your Number One;https://hooksswr-a.akamaihd.net/99005/M0379599.001.m.mp3;https://onair.swr.de/covers/swr/swrhfdb1.KONF.44151914?stationid=28466
2024-09-04 14:43:54;238;30398506;Don McLean;Vincent;https://hooksswr-a.akamaihd.net/99005/M0020661.014.m.mp3;https://onair.swr.de/covers/swr/swrhfdb1.KONF.5087424?stationid=28466
2024-09-04 14:47:50;202;30398508;Train;Angel in Blue Jeans;https://hooksswr-a.akamaihd.net/99005/M0363691.001.m.mp3;https://onair.swr.de/covers/swr/swrhfdb1.KONF.43613379?stationid=28466
2024-09-04 14:51:28;240;30398523;Elton John;Just like Belgium;https://hooksswr-a.akamaihd.net/99005/M0018387.003.m.mp3;https://onair.swr.de/covers/swr/swrhfdb1.KONF.4861679?stationid=28466
2024-09-04 14:55:07;237;30398539;Spice Girls;My strongest suit;https://hooksswr-a.akamaihd.net/99005/M0465005.004.m.mp3;https://onair.swr.de/covers/swr/swrhfdb1.KONF.45381725?stationid=28466
2024-09-04 15:05:40;165;30398583;Milow;You don't know;https://hooksswr-a.akamaihd.net/99005/M0126487.001.m.mp3;https://onair.swr.de/covers/swr/swrhfdb1.KONF.9644040?stationid=28466
2024-09-04 15:08:21;222;30398585;Joyce Sims;Come into my life;https://hooksswr-a.akamaihd.net/99005/M0505457.001.m.mp3;https://onair.swr.de/covers/swr/swrhfdb1.KONF.45914601?stationid=28466
2024-09-04 15:11:35;200;30398597;REO Speedwagon;Keep on loving you;https://hooksswr-a.akamaihd.net/99005/M0024449.004.m.mp3;https://onair.swr.de/covers/swr/swrhfdb1.KONF.5359329?stationid=28466
2024-09-04 15:17:36;221;30398614;Pink;Beautiful trauma;https://hooksswr-a.akamaihd.net/99005/M0498790.001.m.mp3;https://onair.swr.de/covers/swr/swrhfdb1.KONF.45812915?stationid=28466
2024-09-04 15:21:28;232;30398624;Céline Dion;That's the way it is;https://hooksswr-a.akamaihd.net/99005/M0032723.001.m.mp3;https://onair.swr.de/covers/swr/swrhfdb1.KONF.4883588?stationid=28466
2024-09-04 15:25:17;157;30398633;George Michael;Faith;https://hooksswr-a.akamaihd.net/99005/M0278133.001.m.mp3;https://onair.swr.de/covers/swr/swrhfdb1.KONF.23072998?stationid=28466
2024-09-04 15:25:18;193;30398635;Sunrise Avenue;Fairytale gone bad;https://hooksswr-a.akamaihd.net/99005/M0627638.001.m.mp3;https://onair.swr.de/covers/swr/swrhfdb1.KONF.47495493?stationid=28466
2024-09-04 15:32:21;235;30398657;Tina Turner;I don't wanna lose you;https://hooksswr-a.akamaihd.net/99005/M0002254.001.m.mp3;https://onair.swr.de/covers/swr/swrhfdb1.KONF.6787320?stationid=28466
2024-09-04 15:36:13;211;30398660;Secret Service;Ten o'clock postman;https://hooksswr-a.akamaihd.net/99005/M0024547.010.m.mp3;https://onair.swr.de/covers/swr/swrhfdb1.KONF.5391500?stationid=28466
2024-09-04 15:40:33;207;30398685;Billy Joel;The longest time;https://hooksswr-a.akamaihd.net/99005/M0000286.023.m.mp3;https://onair.swr.de/covers/swr/swrhfdb1.KONF.3622954?stationid=28466
2024-09-04 15:43:53;230;30398687;The Spinners;Cupid;https://hooksswr-a.akamaihd.net/99005/M0352739.018.m.mp3;https://onair.swr.de/covers/swr/swrhfdb1.KONF.42692389?stationid=28466
2024-09-04 15:48:49;249;30398707;France Gall;Ella, elle l'a;https://hooksswr-a.akamaihd.net/99005/M0002463.005.m.mp3;https://onair.swr.de/covers/swr/swrhfdb1.KONF.4051175?stationid=28466
2024-09-04 15:52:33;198;30398711;Mr. Big;To be with you;https://hooksswr-a.akamaihd.net/99005/M0269972.011.m.mp3;https://onair.swr.de/covers/swr/swrhfdb1.KONF.21398775?stationid=28466
2024-09-04 15:55:48;166;30398721;Edison Lighthouse;Love grows (where my Rosemary goes);https://hooksswr-a.akamaihd.net/99005/M0039930.028.m.mp3;no cover
2024-09-04 16:06:13;233;30398750;Cher;If I could turn back time;https://hooksswr-a.akamaihd.net/99005/M0002290.001.m.mp3;https://onair.swr.de/covers/swr/swrhfdb1.KONF.6787672?stationid=28466
2024-09-04 16:09:52;219;30398752;Crowded House;Weather with you;https://hooksswr-a.akamaihd.net/99005/M0059556.001.m.mp3;https://onair.swr.de/covers/swr/swrhfdb1.KONF.7472622?stationid=28466
2024-09-04 16:16:23;223;30398784;Harry Chapin;Cats in the cradle;https://hooksswr-a.akamaihd.net/99005/M0039949.021.m.mp3;https://onair.swr.de/covers/swr/swrhfdb1.KONF.6534213?stationid=28466
2024-09-04 16:20:04;216;30398790;Paul Simon;You can call me Al;https://hooksswr-a.akamaihd.net/99005/M0022750.006.m.mp3;https://onair.swr.de/covers/swr/swrhfdb1.KONF.5230071?stationid=28466
2024-09-04 16:23:27;185;30398826;Matt Simons;Garden;no hook;https://onair.swr.de/covers/swr/fallback?stationid=28466
2024-09-04 16:26:29;236;30398829;Aztec Camera;Somewhere in my heart;https://hooksswr-a.akamaihd.net/99005/M0040539.005.m.mp3;https://onair.swr.de/covers/swr/swrhfdb1.KONF.6557403?stationid=28466
2024-09-04 16:31:55;253;30398845;Peter Cetera;Glory of love (Theme);https://hooksswr-a.akamaihd.net/99005/M0024466.024.m.mp3;https://onair.swr.de/covers/swr/swrhfdb1.KONF.5370710?stationid=28466
2024-09-04 16:35:57;233;30398852;Texas;Summer son;https://hooksswr-a.akamaihd.net/99005/M0001742.001.m.mp3;https://onair.swr.de/covers/swr/swrhfdb1.KONF.3969730?stationid=28466
2024-09-04 16:42:09;200;30398889;T. Rex;Get it on;https://hooksswr-a.akamaihd.net/99005/M0024541.017.m.mp3;https://onair.swr.de/covers/swr/swrhfdb1.KONF.5371349?stationid=28466
2024-09-04 16:45:25;207;30398898;Fiction Factory;Feels like heaven;no hook;https://onair.swr.de/covers/swr/fallback?stationid=28466
2024-09-04 16:48:58;188;30398916;Michael Schulte;Back to the start;https://hooksswr-a.akamaihd.net/99005/M0559351.001.m.mp3;https://onair.swr.de/covers/swr/swrhfdb1.KONF.46600032?stationid=28466
2024-09-04 16:52:44;226;30398943;Sheila E.;A love bizarre;https://hooksswr-a.akamaihd.net/99005/M0096417.004.m.mp3;https://onair.swr.de/covers/swr/swrhfdb1.KONF.9343918?stationid=28466
2024-09-04 16:55:12;233;30398945;Kiss;I was made for loving you;https://hooksswr-a.akamaihd.net/99005/M0023412.017.m.mp3;https://onair.swr.de/covers/swr/swrhfdb1.KONF.6247611?stationid=28466
2024-09-04 17:06:11;244;30398974;Cutting Crew;I just died in your arms;https://hooksswr-a.akamaihd.net/99005/M0296306.022.m.mp3;https://onair.swr.de/covers/swr/swrhfdb1.KONF.28778682?stationid=28466
2024-09-04 17:09:48;195;30398976;Atomic Kitten;It's ok!;https://hooksswr-a.akamaihd.net/99005/M0001107.001.m.mp3;https://onair.swr.de/covers/swr/swrhfdb1.KONF.3782066?stationid=28466
2024-09-04 17:15:46;225;30399000;Bill Withers;Lovely day;https://hooksswr-a.akamaihd.net/99005/M0558008.004.m.mp3;https://onair.swr.de/covers/swr/swrhfdb1.KONF.46572922?stationid=28466
2024-09-04 17:19:04;223;30399008;Nik Kershaw;The riddle;https://hooksswr-a.akamaihd.net/99005/M0007219.002.m.mp3;https://onair.swr.de/covers/swr/swrhfdb1.KONF.4589941?stationid=28466
2024-09-04 17:24:15;225;30399032;Bon Jovi;Legendary;https://hooksswr-a.akamaihd.net/99005/2019015.m.mp3;https://onair.swr.de/covers/swr/swrhfdb1.KONF.52565481?stationid=28466
2024-09-04 17:27:57;227;30399038;Natalie Cole;Miss you like crazy;https://hooksswr-a.akamaihd.net/99005/M0366610.005.m.mp3;https://onair.swr.de/covers/swr/swrhfdb1.KONF.43779307?stationid=28466
2024-09-04 17:33:54;228;30399055;Mike & The Mechanics;Everybody gets a second chance;https://hooksswr-a.akamaihd.net/99005/M0002221.001.m.mp3;https://onair.swr.de/covers/swr/swrhfdb1.KONF.4037188?stationid=28466
2024-09-04 17:37:29;241;30399060;Leo Sayer;When I need you;https://hooksswr-a.akamaihd.net/99005/M0024465.006.m.mp3;https://onair.swr.de/covers/swr/swrhfdb1.KONF.5370671?stationid=28466
2024-09-04 17:43:46;222;30399090;Eurythmics;There must be an angel (playing with my heart);https://hooksswr-a.akamaihd.net/99005/M0002513.006.m.mp3;https://onair.swr.de/covers/swr/swrhfdb1.KONF.4051841?stationid=28466
2024-09-04 17:47:26;217;30399097;Bruno Mars;Grenade;https://hooksswr-a.akamaihd.net/99005/M0267273.001.m.mp3;https://onair.swr.de/covers/swr/swrhfdb1.KONF.20497943?stationid=28466
2024-09-04 17:52:10;211;30399129;Queen;39 (Thirty-nine);https://hooksswr-a.akamaihd.net/99005/M0005682.005.m.mp3;https://onair.swr.de/covers/swr/swrhfdb1.KONF.4505122?stationid=28466
2024-09-04 17:55:37;240;30399136;The Corrs;What can I do;https://hooksswr-a.akamaihd.net/99005/M0001765.001.m.mp3;https://onair.swr.de/covers/swr/swrhfdb1.KONF.3969814?stationid=28466
2024-09-04 18:00:03;220;30399150;Survivor;Eye of the tiger (Theme);https://hooksswr-a.akamaihd.net/99005/M0024643.015.m.mp3;https://onair.swr.de/covers/swr/swrhfdb1.KONF.5400848?stationid=28466
2024-09-04 17:59:37;18;30399160;James Morrison;Broken strings;https://hooksswr-a.akamaihd.net/99005/M0108232.001.m.mp3;https://onair.swr.de/covers/swr/swrhfdb1.KONF.9466475?stationid=28466
2024-09-04 17:59:43;22;30399161;Alannah Myles;Black velvet;https://hooksswr-a.akamaihd.net/99005/M0022776.009.m.mp3;https://onair.swr.de/covers/swr/swrhfdb1.KONF.5243441?stationid=28466
2024-09-04 18:05:11;246;30399170;James Morrison;Broken strings;https://hooksswr-a.akamaihd.net/99005/M0108232.001.m.mp3;https://onair.swr.de/covers/swr/swrhfdb1.KONF.9466475?stationid=28466
2024-09-04 18:09:14;246;30399172;Michael Jackson;Bad;https://hooksswr-a.akamaihd.net/99005/M0074886.001.m.mp3;https://onair.swr.de/covers/swr/swrhfdb1.KONF.9929090?stationid=28466
2024-09-04 18:13:20;182;30399190;The Honeydrippers;Sea of love;https://hooksswr-a.akamaihd.net/99005/M0041085.009.m.mp3;https://onair.swr.de/covers/swr/swrhfdb1.KONF.6588230?stationid=28466
2024-09-04 18:18:04;222;30399218;Marc Anthony;You sang to me;https://hooksswr-a.akamaihd.net/99005/M0517569.001.m.mp3;https://onair.swr.de/covers/swr/swrhfdb1.KONF.46085778?stationid=28466
2024-09-04 18:21:32;235;30399222;Alannah Myles;Black velvet;https://hooksswr-a.akamaihd.net/99005/M0022776.009.m.mp3;https://onair.swr.de/covers/swr/swrhfdb1.KONF.5243441?stationid=28466
2024-09-04 18:25:16;225;30399239;Robbie Williams;Come undone;https://hooksswr-a.akamaihd.net/99005/M0002268.009.m.mp3;https://onair.swr.de/covers/swr/swrhfdb1.KONF.6787474?stationid=28466
2024-09-04 18:32:46;216;30399267;Whitney Houston;I wanna dance with somebody (who loves me);https://hooksswr-a.akamaihd.net/99005/M0002309.001.m.mp3;https://onair.swr.de/covers/swr/swrhfdb1.KONF.6815924?stationid=28466
2024-09-04 18:36:17;222;30399272;Michael Bolton;When a man loves a woman;https://hooksswr-a.akamaihd.net/99005/M0059061.006.m.mp3;https://onair.swr.de/covers/swr/swrhfdb1.KONF.7422148?stationid=28466
2024-09-04 18:41:58;383;30399304;Eagles;Hotel California;https://hooksswr-a.akamaihd.net/99005/M0088659.006.mp3;https://onair.swr.de/covers/swr/swrhfdb1.KONF.8986791?stationid=28466
2024-09-04 18:48:16;207;30399313;Fairground Attraction;Find my love;https://hooksswr-a.akamaihd.net/99005/M0002312.004.m.mp3;https://onair.swr.de/covers/swr/swrhfdb1.KONF.6815963?stationid=28466
2024-09-04 18:52:20;212;30399356;Sam Smith;Diamonds;https://hooksswr-a.akamaihd.net/99005/M0601637.001.m.mp3;https://onair.swr.de/covers/swr/swrhfdb1.KONF.47290638?stationid=28466
2024-09-04 18:55:45;226;30399358;Patrick Swayze;She's like the wind;https://hooksswr-a.akamaihd.net/99005/M0016489.003.m.mp3;https://onair.swr.de/covers/swr/swrhfdb1.KONF.4587914?stationid=28466
2024-09-04 19:00:01;215;30399373;Roxette;Fading like a flower ( everytime you leave );https://hooksswr-a.akamaihd.net/99005/M0002216.001.m.mp3;https://onair.swr.de/covers/swr/swrhfdb1.KONF.4037156?stationid=28466
2024-09-04 19:05:15;223;30399400;Coldplay;Viva La Vida;https://hooksswr-a.akamaihd.net/99005/M0093456.001.m.mp3;https://onair.swr.de/covers/swr/swrhfdb1.KONF.9290947?stationid=28466
2024-09-04 19:08:56;209;30399404;Roy Orbison;You got it;https://hooksswr-a.akamaihd.net/99005/M0002300.001.m.mp3;https://onair.swr.de/covers/swr/swrhfdb1.KONF.6787779?stationid=28466
2024-09-04 19:12:24;236;30399419;Youssou N'Dour & Neneh Cherry;7 seconds;https://hooksswr-a.akamaihd.net/99005/M0001939.001.m.mp3;https://onair.swr.de/covers/swr/swrhfdb1.KONF.4005065?stationid=28466
2024-09-04 19:18:43;207;30399454;Pink Floyd;Another brick in the wall (Part 1);https://hooksswr-a.akamaihd.net/99005/M0006307.003.m.mp3;https://onair.swr.de/covers/swr/swrhfdb1.KONF.4615152?stationid=28466
2024-09-04 19:22:23;160;30399460;The Housemartins;Five get over excited;https://hooksswr-a.akamaihd.net/99005/M0505593.008.m.mp3;https://onair.swr.de/covers/swr/swrhfdb1.KONF.45917319?stationid=28466
2024-09-04 19:25:00;239;30399472;Dr. Alban;It's my life;https://hooksswr-a.akamaihd.net/99005/M0337264.009.m.mp3;https://onair.swr.de/covers/swr/swrhfdb1.KONF.40831731?stationid=28466
2024-09-04 19:31:41;219;30399501;Scorpions;Wind of change;https://hooksswr-a.akamaihd.net/99005/M0516872.002.m.mp3;https://onair.swr.de/covers/swr/swrhfdb1.KONF.46077524?stationid=28466
2024-09-04 19:35:16;220;30399506;UB 40;Kingston Town;https://hooksswr-a.akamaihd.net/99005/M0002250.007.m.mp3;https://onair.swr.de/covers/swr/swrhfdb1.KONF.6787298?stationid=28466
2024-09-04 19:40:29;232;30399539;Ville Valo & Natalia Avelon;Summer wine;https://hooksswr-a.akamaihd.net/99005/M0588944.001.mp3;https://onair.swr.de/covers/swr/swrhfdb1.KONF.47063992?stationid=28466
2024-09-04 19:44:17;201;30399544;Terry Jacks;Seasons in the sun;https://hooksswr-a.akamaihd.net/99005/M0271212.001.m.mp3;https://onair.swr.de/covers/swr/swrhfdb1.KONF.21682502?stationid=28466
2024-09-04 19:48:29;215;30399583;Sarah Connor;Wie schön Du bist;https://hooksswr-a.akamaihd.net/99005/M0391267.001.m.mp3;https://onair.swr.de/covers/swr/swrhfdb1.KONF.44520996?stationid=28466
2024-09-04 19:52:02;254;30399585;Kool & The Gang;Joanna;https://hooksswr-a.akamaihd.net/99005/M0001940.002.m.mp3;https://onair.swr.de/covers/swr/swrhfdb1.KONF.4005079?stationid=28466
2024-09-04 19:56:13;227;30399604;Berlin;"Take my breath away (Love theme from ""Top Gun"")";https://hooksswr-a.akamaihd.net/99005/M0039593.001.m.mp3;https://onair.swr.de/covers/swr/swrhfdb1.KONF.6515740?stationid=28466
2024-09-04 20:00:01;201;30399621;The Buggles;Video killed the radio star;https://hooksswr-a.akamaihd.net/99005/M0024557.029.m.mp3;https://onair.swr.de/covers/swr/swrhfdb1.KONF.14754414?stationid=28466
2024-09-04 20:05:02;202;30399642;Billy Ray Cyrus;Achy breaky heart;https://hooksswr-a.akamaihd.net/99005/M0002200.001.m.mp3;https://onair.swr.de/covers/swr/swrhfdb1.KONF.4037067?stationid=28466
2024-09-04 20:08:22;318;30399645;Brenda Russell, Joe Esposito;Piano in the dark;https://hooksswr-a.akamaihd.net/99005/M0301755.001.m.mp3;https://onair.swr.de/covers/swr/swrhfdb1.KONF.30360033?stationid=28466
2024-09-04 20:13:47;209;30399659;Al Stewart;Year of the cat;https://hooksswr-a.akamaihd.net/99005/M0024541.014.m.mp3;https://onair.swr.de/covers/swr/swrhfdb1.KONF.5371346?stationid=28466
2024-09-04 20:20:25;235;30399689;Pink;What about us;https://hooksswr-a.akamaihd.net/99005/M0489550.001.m.mp3;https://onair.swr.de/covers/swr/swrhfdb1.KONF.45717970?stationid=28466
2024-09-04 20:24:30;249;30399697;Culture Club;Move away;https://hooksswr-a.akamaihd.net/99005/M0002472.009.m.mp3;https://onair.swr.de/covers/swr/swrhfdb1.KONF.4051327?stationid=28466
2024-09-04 20:28:35;248;30399708;Ronan Keating;When you say nothing at all;https://hooksswr-a.akamaihd.net/99005/M0001741.001.m.mp3;https://onair.swr.de/covers/swr/swrhfdb1.KONF.3969728?stationid=28466
2024-09-04 20:29:48;247;30399721;Chris de Burgh;Sailing away;https://hooksswr-a.akamaihd.net/99005/M0002313.004.m.mp3;https://onair.swr.de/covers/swr/swrhfdb1.KONF.6815978?stationid=28466
2024-09-04 20:33:49;231;30399723;Sophie B. Hawkins;Right beside you;https://hooksswr-a.akamaihd.net/99005/M0034160.001.m.mp3;https://onair.swr.de/covers/swr/swrhfdb1.KONF.6169128?stationid=28466
2024-09-04 20:39:39;324;30399754;Lenny Kravitz;Rosemary;no hook;https://onair.swr.de/covers/swr/fallback?stationid=28466
2024-09-04 20:45:03;154;30399763;The Three Degrees;When will I see you again;https://hooksswr-a.akamaihd.net/99005/M0024572.023.m.mp3;https://onair.swr.de/covers/swr/swrhfdb1.KONF.5392174?stationid=28466
2024-09-04 20:49:11;214;30399786;Rag'n'bone Man;Lay my body down;https://hooksswr-a.akamaihd.net/99005/M0491963.001.mp3;https://onair.swr.de/covers/swr/swrhfdb1.KONF.45743152?stationid=28466
2024-09-04 20:53:12;190;30399788;Two Of Us;Blue night shadow;https://hooksswr-a.akamaihd.net/99005/M0393306.016.m.mp3;https://onair.swr.de/covers/swr/swrhfdb1.KONF.44584701?stationid=28466
2024-09-04 20:56:12;230;30399804;Everlast;What it's like;https://hooksswr-a.akamaihd.net/99005/M0408561.025.m.mp3;no cover
2024-09-04 21:00:01;286;30399818;George Benson;Give me the night;https://hooksswr-a.akamaihd.net/99005/M0231061.004.mp3;https://onair.swr.de/covers/swr/swrhfdb1.KONF.14095260?stationid=28466
2024-09-04 21:05:10;199;30399839;Paul McCartney;Hope of deliverance;https://hooksswr-a.akamaihd.net/99005/M0483281.009.m.mp3;https://onair.swr.de/covers/swr/swrhfdb1.KONF.45647896?stationid=28466
2024-09-04 21:08:24;206;30399844;Deniece Williams;Let's hear it for the boy;https://hooksswr-a.akamaihd.net/99005/M0042190.002.m.mp3;https://onair.swr.de/covers/swr/swrhfdb1.KONF.7040614?stationid=28466
2024-09-04 21:11:52;241;30399849;Rod Stewart;Sailing;https://hooksswr-a.akamaihd.net/99005/M0028256.010.m.mp3;https://onair.swr.de/covers/swr/swrhfdb1.KONF.5724549?stationid=28466
2024-09-04 21:19:24;255;30399888;Fergie;Big girls don't cry (Personal);https://hooksswr-a.akamaihd.net/99005/M0055845.010.m.mp3;https://onair.swr.de/covers/swr/swrhfdb1.KONF.7606574?stationid=28466
2024-09-04 21:23:48;210;30399891;AC/DC;You shook me all night long;https://hooksswr-a.akamaihd.net/99005/M0240241.002.m.mp3;no cover
2024-09-04 21:27:18;240;30399910;Hot Chocolate;It started with a kiss;https://hooksswr-a.akamaihd.net/99005/M0024478.008.m.mp3;https://onair.swr.de/covers/swr/swrhfdb1.KONF.5370929?stationid=28466
2024-09-04 21:33:40;247;30399940;4 Non Blondes;What's up;https://hooksswr-a.akamaihd.net/99005/M0001972.001.m.mp3;https://onair.swr.de/covers/swr/swrhfdb1.KONF.4005290?stationid=28466
2024-09-04 21:37:46;177;30399944;Sly & The Family Stone;Family affair;https://hooksswr-a.akamaihd.net/99005/M0028267.004.m.mp3;https://onair.swr.de/covers/swr/swrhfdb1.KONF.5724703?stationid=28466
2024-09-04 21:42:00;246;30399971;Queen;Under pressure;https://hooksswr-a.akamaihd.net/99005/M0237854.001.m.mp3;https://onair.swr.de/covers/swr/swrhfdb1.KONF.14456158?stationid=28466
2024-09-04 21:46:06;222;30399976;Cat Stevens;Peace train;https://hooksswr-a.akamaihd.net/99005/M0269659.009.m.mp3;https://onair.swr.de/covers/swr/swrhfdb1.KONF.21319025?stationid=28466
2024-09-04 21:49:52;252;30399988;Lady Gaga & Bruno Mars;Die with a smile;no hook;https://onair.swr.de/covers/swr/swrhfdb1.KONF.53043243?stationid=28466
2024-09-04 21:53:56;223;30400000;Milli Vanilli;Girl I'm gonna miss you;https://hooksswr-a.akamaihd.net/99005/M0349814.006.mp3;no cover
2024-09-04 21:57:13;233;30400013;Camouflage;Love is a shield;https://hooksswr-a.akamaihd.net/99005/M0505164.009.m.mp3;https://onair.swr.de/covers/swr/swrhfdb1.KONF.45910499?stationid=28466
2024-09-04 22:00:01;214;30400023;Michael Schulte;Remember me;https://hooksswr-a.akamaihd.net/99005/M0680921.001.m.mp3;https://onair.swr.de/covers/swr/swrhfdb1.KONF.48797251?stationid=28466
2024-09-04 22:04:00;234;30400035;Janet Jackson;Together again;https://hooksswr-a.akamaihd.net/99005/M0059481.001.m.mp3;https://onair.swr.de/covers/swr/swrhfdb1.KONF.7459011?stationid=28466
2024-09-04 22:08:02;224;30400037;Depeche Mode;Strangelove;https://hooksswr-a.akamaihd.net/99005/M0057945.001.m.mp3;https://onair.swr.de/covers/swr/swrhfdb1.KONF.7628052?stationid=28466
2024-09-04 22:11:42;196;30400058;Exile;Kiss you all over;https://hooksswr-a.akamaihd.net/99005/M0023742.032.m.mp3;https://onair.swr.de/covers/swr/swrhfdb1.KONF.6287603?stationid=28466
2024-09-04 22:17:05;225;30400080;KatKit;Waiting;no hook;https://onair.swr.de/covers/swr/fallback?stationid=28466
2024-09-04 22:20:54;219;30400082;Chris Rea;On the beach;https://hooksswr-a.akamaihd.net/99005/M0035635.001.m.mp3;https://onair.swr.de/covers/swr/swrhfdb1.KONF.5082626?stationid=28466
2024-09-04 22:24:34;285;30400092;Vangelis;Conquest of paradise;https://hooksswr-a.akamaihd.net/99005/M0001969.001.m.mp3;https://onair.swr.de/covers/swr/swrhfdb1.KONF.4005275?stationid=28466
2024-09-04 22:31:59;239;30400123;Madonna;Cherish;https://hooksswr-a.akamaihd.net/99005/M0029557.006.m.mp3;https://onair.swr.de/covers/swr/swrhfdb1.KONF.4775016?stationid=28466
2024-09-04 22:36:06;244;30400126;Supertramp;Lord is it mine;https://hooksswr-a.akamaihd.net/99005/M0018511.007.m.mp3;https://onair.swr.de/covers/swr/swrhfdb1.KONF.4880450?stationid=28466
2024-09-04 22:41:26;206;30400156;Manu Chao feat. Laeti;Tu te vas;no hook;https://onair.swr.de/covers/swr/fallback?stationid=28466
2024-09-04 22:44:53;199;30400160;Patrice Rushen;Forget me nots;https://hooksswr-a.akamaihd.net/99005/M0049452.014.m.mp3;https://onair.swr.de/covers/swr/swrhfdb1.KONF.7383039?stationid=28466
2024-09-04 22:49:28;256;30400176;Elton John;You gotta love someone;no hook;no cover
2024-09-04 22:53:50;167;30400182;Phil Collins;You can't hurry love;https://hooksswr-a.akamaihd.net/99005/M0448576.001.m.mp3;https://onair.swr.de/covers/swr/swrhfdb1.KONF.45236460?stationid=28466
2024-09-04 22:56:34;196;30400194;Bee Gees;Secret love;https://hooksswr-a.akamaihd.net/99005/M0359117.001.m.mp3;https://onair.swr.de/covers/swr/swrhfdb1.KONF.43374677?stationid=28466
2024-09-04 23:00:01;226;30400220;Manfred Mann's Earth Band;Blinded by the light;https://hooksswr-a.akamaihd.net/99005/M0232204.001.m.mp3;https://onair.swr.de/covers/swr/swrhfdb1.KONF.14139858?stationid=28466
2024-09-04 23:04:58;244;30400240;Christina Perri;Jar of hearts;https://hooksswr-a.akamaihd.net/99005/M0295730.001.m.mp3;https://onair.swr.de/covers/swr/swrhfdb1.KONF.28518249?stationid=28466
2024-09-04 23:09:00;239;30400242;John Waite;Missing you;https://hooksswr-a.akamaihd.net/99005/M0038220.015.m.mp3;https://onair.swr.de/covers/swr/swrhfdb1.KONF.6507707?stationid=28466
2024-09-04 23:12:55;245;30400253;Simply Red;Stars;https://hooksswr-a.akamaihd.net/99005/M0278211.001.m.mp3;https://onair.swr.de/covers/swr/swrhfdb1.KONF.23112858?stationid=28466
2024-09-04 23:18:59;246;30400285;Roxy Music;Oh yeah!;https://hooksswr-a.akamaihd.net/99005/M0010107.009.m.mp3;https://onair.swr.de/covers/swr/swrhfdb1.KONF.5049056?stationid=28466
2024-09-04 23:23:09;273;30400294;Bruce Hornsby & The Range;Look out any window;https://hooksswr-a.akamaihd.net/99005/M0008774.005.m.mp3;https://onair.swr.de/covers/swr/swrhfdb1.KONF.5001530?stationid=28466
2024-09-04 23:27:37;219;30400305;Marla Glen;The cost of freedom;https://hooksswr-a.akamaihd.net/99005/M0060530.001.m.mp3;https://onair.swr.de/covers/swr/swrhfdb1.KONF.7604318?stationid=28466
2024-09-04 23:33:10;202;30400322;Bananarama;Robert de Niro's waiting;https://hooksswr-a.akamaihd.net/99005/M0024469.006.m.mp3;https://onair.swr.de/covers/swr/swrhfdb1.KONF.5370763?stationid=28466
2024-09-04 23:36:29;234;30400328;Ten Sharp;You;https://hooksswr-a.akamaihd.net/99005/M0508228.001.m.mp3;https://onair.swr.de/covers/swr/swrhfdb1.KONF.45952897?stationid=28466
2024-09-04 23:42:45;208;30400355;Eagles;Take it easy;https://hooksswr-a.akamaihd.net/99005/M0017553.001.m.mp3;https://onair.swr.de/covers/swr/swrhfdb1.KONF.5794270?stationid=28466
2024-09-04 23:46:13;186;30400358;Dire Straits;Down to the waterline;https://hooksswr-a.akamaihd.net/99005/M0020742.001.m.mp3;https://onair.swr.de/covers/swr/swrhfdb1.KONF.5096145?stationid=28466
2024-09-04 23:46:13;226;30400365;Kygo & Whitney Houston;Higher love;https://hooksswr-a.akamaihd.net/99005/M0574119.201.m.mp3;https://onair.swr.de/covers/swr/swrhfdb1.KONF.46837364?stationid=28466
2024-09-04 23:50:15;222;30400370;a-ha;Hunting high and low;https://hooksswr-a.akamaihd.net/99005/M0022532.004.m.mp3;https://onair.swr.de/covers/swr/swrhfdb1.KONF.5198940?stationid=28466
2024-09-04 23:53:55;172;30400381;Billy Joel;Don't ask me why;https://hooksswr-a.akamaihd.net/99005/M0302673.001.m.mp3;no cover
2024-09-04 23:56:45;197;30400393;Des'ree;Life;https://hooksswr-a.akamaihd.net/99005/M0001764.001.m.mp3;https://onair.swr.de/covers/swr/swrhfdb1.KONF.3969812?stationid=28466
